1.000000    2.000000   -12.000000   0.000000
1.001000    2.000000   -12.000000   0.000000
1.002000    2.000000   -12.000000   0.000000
1.003000    2.000000   -12.000000   0.000000
1.004000    2.000000   -12.000000   0.000000
1.005000    2.000000   -12.000000   0.000000
1.006000    2.000000   -12.000000   0.000000
1.007000    2.000000   -12.000000   0.000000
1.008000    2.000000   -12.000000   0.000000
1.009000    2.000000   -12.000000   0.000000
1.010000    2.000000   -12.000000   0.000000
1.011000    2.000000   -12.000000   0.000000
1.012000    2.000000   -12.000000   0.000000
1.013000    2.000000   -12.000000   0.000000
1.014000    2.000000   -12.000000   0.000000
1.015000    2.000000   -12.000000   0.000000
1.016000    2.000000   -12.000000   0.000000
1.017000    2.000000   -12.000000   0.000000
1.018000    2.000000   -12.000000   0.000000
1.019000    2.000000   -12.000000   0.000000
1.020000    2.000000   -12.000000   0.000000
1.021000    2.000000   -12.000000   0.000000
1.022000    2.000000   -12.000000   0.000000
1.023000    2.000000   -12.000000   0.000000
1.024000    2.000000   -12.000000   0.000000
1.025000    2.000000   -12.000000   0.000000
1.026000    2.000000   -12.000000   0.000000
1.027000    2.000000   -12.000000   0.000000
1.028000    2.000000   -12.000000   0.000000
1.029000    2.000000   -12.000000   0.000000
1.030000    2.000000   -12.000000   0.000000
1.031000    2.000000   -12.000000   0.000000
1.032000    2.000000   -12.000000   0.000000
1.033000    2.000000   -12.000000   0.000000
1.034000    2.000000   -12.000000   0.000000
1.035000    2.000000   -12.000000   0.000000
1.036000    2.000000   -12.000000   0.000000
1.037000    2.000000   -12.000000   0.000000
1.038000    2.000000   -12.000000   0.000000
1.039000    2.000000   -12.000000   0.000000
1.040000    2.000000   -12.000000   0.000000
1.041000    2.000000   -12.000000   0.000000
1.042000    2.000000   -12.000000   0.000000
1.043000    2.000000   -12.000000   0.000000
1.044000    2.000000   -12.000000   0.000000
1.045000    2.000000   -12.000000   0.000000
1.046000    2.000000   -12.000000   0.000000
1.047000    2.000000   -12.000000   0.000000
1.048000    2.000000   -12.000000   0.000000
1.049000    2.000000   -12.000000   0.000000
1.050000    2.000000   -12.000000   0.000000
1.051000    2.000000   -12.000000   0.000000
1.052000    2.000000   -12.000000   0.000000
1.053000    2.000000   -12.000000   0.000000
1.054000    2.000000   -12.000000   0.000000
1.055000    2.000000   -12.000000   0.000000
1.056000    2.000000   -12.000000   0.000000
1.057000    2.000000   -12.000000   0.000000
1.058000    2.000000   -12.000000   0.000000
1.059000    2.000000   -12.000000   0.000000
1.060000    2.000000   -12.000000   0.000000
1.061000    2.000000   -12.000000   0.000000
1.062000    2.000000   -12.000000   0.000000
1.063000    2.000000   -12.000000   0.000000
1.064000    2.000000   -12.000000   0.000000
1.065000    2.000000   -12.000000   0.000000
1.066000    2.000000   -12.000000   0.000000
1.067000    2.000000   -12.000000   0.000000
1.068000    2.000000   -12.000000   0.000000
1.069000    2.000000   -12.000000   0.000000
1.070000    2.000000   -12.000000   0.000000
1.071000    2.000000   -12.000000   0.000000
1.072000    2.000000   -12.000000   0.000000
1.073000    2.000000   -12.000000   0.000000
1.074000    2.000000   -12.000000   0.000000
1.075000    2.000000   -12.000000   0.000000
1.076000    2.000000   -12.000000   0.000000
1.077000    2.000000   -12.000000   0.000000
1.078000    2.000000   -12.000000   0.000000
1.079000    2.000000   -12.000000   0.000000
1.080000    2.000000   -12.000000   0.000000
1.081000    2.000000   -12.000000   0.000000
1.082000    2.000000   -12.000000   0.000000
1.083000    2.000000   -12.000000   0.000000
1.084000    2.000000   -12.000000   0.000000
1.085000    2.000000   -12.000000   0.000000
1.086000    2.000000   -12.000000   0.000000
1.087000    2.000000   -12.000000   0.000000
1.088000    2.000000   -12.000000   0.000000
1.089000    2.000000   -12.000000   0.000000
1.090000    2.000000   -12.000000   0.000000
1.091000    2.000000   -12.000000   0.000000
1.092000    2.000000   -12.000000   0.000000
1.093000    2.000000   -12.000000   0.000000
1.094000    2.000000   -12.000000   0.000000
1.095000    2.000000   -12.000000   0.000000
1.096000    2.000000   -12.000000   0.000000
1.097000    2.000000   -12.000000   0.000000
1.098000    2.000000   -12.000000   0.000000
1.099000    2.000000   -12.000000   0.000000
1.100000    2.000000   -12.000000   0.000000
1.101000    2.000000   -12.000000   0.000000
1.102000    2.000000   -12.000000   0.000000
1.103000    2.000000   -12.000000   0.000000
1.104000    2.000000   -12.000000   0.000000
1.105000    2.000000   -12.000000   0.000000
1.106000    2.000000   -12.000000   0.000000
1.107000    2.000000   -12.000000   0.000000
1.108000    2.000000   -12.000000   0.000000
1.109000    2.000000   -12.000000   0.000000
1.110000    2.000000   -12.000000   0.000000
1.111000    2.000000   -12.000000   0.000000
1.112000    2.000000   -12.000000   0.000000
1.113000    2.000000   -12.000000   0.000000
1.114000    2.000000   -12.000000   0.000000
1.115000    2.000000   -12.000000   0.000000
1.116000    2.000000   -12.000000   0.000000
1.117000    2.000000   -12.000000   0.000000
1.118000    2.000000   -12.000000   0.000000
1.119000    2.000000   -12.000000   0.000000
1.120000    2.000000   -12.000000   0.000000
1.121000    2.000000   -12.000000   0.000000
1.122000    2.000000   -12.000000   0.000000
1.123000    2.000000   -12.000000   0.000000
1.124000    2.000000   -12.000000   0.000000
1.125000    2.000000   -12.000000   0.000000
1.126000    2.000000   -12.000000   0.000000
1.127000    2.000000   -12.000000   0.000000
1.128000    2.000000   -12.000000   0.000000
1.129000    2.000000   -12.000000   0.000000
1.130000    2.000000   -12.000000   0.000000
1.131000    2.000000   -12.000000   0.000000
1.132000    2.000000   -12.000000   0.000000
1.133000    2.000000   -12.000000   0.000000
1.134000    2.000000   -12.000000   0.000000
1.135000    2.000000   -12.000000   0.000000
1.136000    2.000000   -12.000000   0.000000
1.137000    2.000000   -12.000000   0.000000
1.138000    2.000000   -12.000000   0.000000
1.139000    2.000000   -12.000000   0.000000
1.140000    2.000000   -12.000000   0.000000
1.141000    2.000000   -12.000000   0.000000
1.142000    2.000000   -12.000000   0.000000
1.143000    2.000000   -12.000000   0.000000
1.144000    2.000000   -12.000000   0.000000
1.145000    2.000000   -12.000000   0.000000
1.146000    2.000000   -12.000000   0.000000
1.147000    2.000000   -12.000000   0.000000
1.148000    2.000000   -12.000000   0.000000
1.149000    2.000000   -12.000000   0.000000
1.150000    2.000000   -12.000000   0.000000
1.151000    2.000000   -12.000000   0.000000
1.152000    2.000000   -12.000000   0.000000
1.153000    2.000000   -12.000000   0.000000
1.154000    2.000000   -12.000000   0.000000
1.155000    2.000000   -12.000000   0.000000
1.156000    2.000000   -12.000000   0.000000
1.157000    2.000000   -12.000000   0.000000
1.158000    2.000000   -12.000000   0.000000
1.159000    2.000000   -12.000000   0.000000
1.160000    2.000000   -12.000000   0.000000
1.161000    2.000000   -12.000000   0.000000
1.162000    2.000000   -12.000000   0.000000
1.163000    2.000000   -12.000000   0.000000
1.164000    2.000000   -12.000000   0.000000
1.165000    2.000000   -12.000000   0.000000
1.166000    2.000000   -12.000000   0.000000
1.167000    2.000000   -12.000000   0.000000
1.168000    2.000000   -12.000000   0.000000
1.169000    2.000000   -12.000000   0.000000
1.170000    2.000000   -12.000000   0.000000
1.171000    2.000000   -12.000000   0.000000
1.172000    2.000000   -12.000000   0.000000
1.173000    2.000000   -12.000000   0.000000
1.174000    2.000000   -12.000000   0.000000
1.175000    2.000000   -12.000000   0.000000
1.176000    2.000000   -12.000000   0.000000
1.177000    2.000000   -12.000000   0.000000
1.178000    2.000000   -12.000000   0.000000
1.179000    2.000000   -12.000000   0.000000
1.180000    2.000000   -12.000000   0.000000
1.181000    2.000000   -12.000000   0.000000
1.182000    2.000000   -12.000000   0.000000
1.183000    2.000000   -12.000000   0.000000
1.184000    2.000000   -12.000000   0.000000
1.185000    2.000000   -12.000000   0.000000
1.186000    2.000000   -12.000000   0.000000
1.187000    2.000000   -12.000000   0.000000
1.188000    2.000000   -12.000000   0.000000
1.189000    2.000000   -12.000000   0.000000
1.190000    2.000000   -12.000000   0.000000
1.191000    2.000000   -12.000000   0.000000
1.192000    2.000000   -12.000000   0.000000
1.193000    2.000000   -12.000000   0.000000
1.194000    2.000000   -12.000000   0.000000
1.195000    2.000000   -12.000000   0.000000
1.196000    2.000000   -12.000000   0.000000
1.197000    2.000000   -12.000000   0.000000
1.198000    2.000000   -12.000000   0.000000
1.199000    2.000000   -12.000000   0.000000
1.200000    2.000000   -12.000000   0.000000
1.201000    2.000000   -12.000000   0.000000
1.202000    2.000000   -12.000000   0.000000
1.203000    2.000000   -12.000000   0.000000
1.204000    2.000000   -12.000000   0.000000
1.205000    2.000000   -12.000000   0.000000
1.206000    2.000000   -12.000000   0.000000
1.207000    2.000000   -12.000000   0.000000
1.208000    2.000000   -12.000000   0.000000
1.209000    2.000000   -12.000000   0.000000
1.210000    2.000000   -12.000000   0.000000
1.211000    2.000000   -12.000000   0.000000
1.212000    2.000000   -12.000000   0.000000
1.213000    2.000000   -12.000000   0.000000
1.214000    2.000000   -12.000000   0.000000
1.215000    2.000000   -12.000000   0.000000
1.216000    2.000000   -12.000000   0.000000
1.217000    2.000000   -12.000000   0.000000
1.218000    2.000000   -12.000000   0.000000
1.219000    2.000000   -12.000000   0.000000
1.220000    2.000000   -12.000000   0.000000
1.221000    2.000000   -12.000000   0.000000
1.222000    2.000000   -12.000000   0.000000
1.223000    2.000000   -12.000000   0.000000
1.224000    2.000000   -12.000000   0.000000
1.225000    2.000000   -12.000000   0.000000
1.226000    2.000000   -12.000000   0.000000
1.227000    2.000000   -12.000000   0.000000
1.228000    2.000000   -12.000000   0.000000
1.229000    2.000000   -12.000000   0.000000
1.230000    2.000000   -12.000000   0.000000
1.231000    2.000000   -12.000000   0.000000
1.232000    2.000000   -12.000000   0.000000
1.233000    2.000000   -12.000000   0.000000
1.234000    2.000000   -12.000000   0.000000
1.235000    2.000000   -12.000000   0.000000
1.236000    2.000000   -12.000000   0.000000
1.237000    2.000000   -12.000000   0.000000
1.238000    2.000000   -12.000000   0.000000
1.239000    2.000000   -12.000000   0.000000
1.240000    2.000000   -12.000000   0.000000
1.241000    2.000000   -12.000000   0.000000
1.242000    2.000000   -12.000000   0.000000
1.243000    2.000000   -12.000000   0.000000
1.244000    2.000000   -12.000000   0.000000
1.245000    2.000000   -12.000000   0.000000
1.246000    2.000000   -12.000000   0.000000
1.247000    2.000000   -12.000000   0.000000
1.248000    2.000000   -12.000000   0.000000
1.249000    2.000000   -12.000000   0.000000
1.250000    2.000000   -12.000000   0.000000
1.251000    2.000000   -12.000000   0.000000
1.252000    2.000000   -12.000000   0.000000
1.253000    2.000000   -12.000000   0.000000
1.254000    2.000000   -12.000000   0.000000
1.255000    2.000000   -12.000000   0.000000
1.256000    2.000000   -12.000000   0.000000
1.257000    2.000000   -12.000000   0.000000
1.258000    2.000000   -12.000000   0.000000
1.259000    2.000000   -12.000000   0.000000
1.260000    2.000000   -12.000000   0.000000
1.261000    2.000000   -12.000000   0.000000
1.262000    2.000000   -12.000000   0.000000
1.263000    2.000000   -12.000000   0.000000
1.264000    2.000000   -12.000000   0.000000
1.265000    2.000000   -12.000000   0.000000
1.266000    2.000000   -12.000000   0.000000
1.267000    2.000000   -12.000000   0.000000
1.268000    2.000000   -12.000000   0.000000
1.269000    2.000000   -12.000000   0.000000
1.270000    2.000000   -12.000000   0.000000
1.271000    2.000000   -12.000000   0.000000
1.272000    2.000000   -12.000000   0.000000
1.273000    2.000000   -12.000000   0.000000
1.274000    2.000000   -12.000000   0.000000
1.275000    2.000000   -12.000000   0.000000
1.276000    2.000000   -12.000000   0.000000
1.277000    2.000000   -12.000000   0.000000
1.278000    2.000000   -12.000000   0.000000
1.279000    2.000000   -12.000000   0.000000
1.280000    2.000000   -12.000000   0.000000
1.281000    2.000000   -12.000000   0.000000
1.282000    2.000000   -12.000000   0.000000
1.283000    2.000000   -12.000000   0.000000
1.284000    2.000000   -12.000000   0.000000
1.285000    2.000000   -12.000000   0.000000
1.286000    2.000000   -12.000000   0.000000
1.287000    2.000000   -12.000000   0.000000
1.288000    2.000000   -12.000000   0.000000
1.289000    2.000000   -12.000000   0.000000
1.290000    2.000000   -12.000000   0.000000
1.291000    2.000000   -12.000000   0.000000
1.292000    2.000000   -12.000000   0.000000
1.293000    2.000000   -12.000000   0.000000
1.294000    2.000000   -12.000000   0.000000
1.295000    2.000000   -12.000000   0.000000
1.296000    2.000000   -12.000000   0.000000
1.297000    2.000000   -12.000000   0.000000
1.298000    2.000000   -12.000000   0.000000
1.299000    2.000000   -12.000000   0.000000
1.300000    2.000000   -12.000000   0.000000
1.301000    2.000000   -12.000000   0.000000
1.302000    2.000000   -12.000000   0.000000
1.303000    2.000000   -12.000000   0.000000
1.304000    2.000000   -12.000000   0.000000
1.305000    2.000000   -12.000000   0.000000
1.306000    2.000000   -12.000000   0.000000
1.307000    2.000000   -12.000000   0.000000
1.308000    2.000000   -12.000000   0.000000
1.309000    2.000000   -12.000000   0.000000
1.310000    2.000000   -12.000000   0.000000
1.311000    2.000000   -12.000000   0.000000
1.312000    2.000000   -12.000000   0.000000
1.313000    2.000000   -12.000000   0.000000
1.314000    2.000000   -12.000000   0.000000
1.315000    2.000000   -12.000000   0.000000
1.316000    2.000000   -12.000000   0.000000
1.317000    2.000000   -12.000000   0.000000
1.318000    2.000000   -12.000000   0.000000
1.319000    2.000000   -12.000000   0.000000
1.320000    2.000000   -12.000000   0.000000
1.321000    2.000000   -12.000000   0.000000
1.322000    2.000000   -12.000000   0.000000
1.323000    2.000000   -12.000000   0.000000
1.324000    2.000000   -12.000000   0.000000
1.325000    2.000000   -12.000000   0.000000
1.326000    2.000000   -12.000000   0.000000
1.327000    2.000000   -12.000000   0.000000
1.328000    2.000000   -12.000000   0.000000
1.329000    2.000000   -12.000000   0.000000
1.330000    2.000000   -12.000000   0.000000
1.331000    2.000000   -12.000000   0.000000
1.332000    2.000000   -12.000000   0.000000
1.333000    2.000000   -12.000000   0.000000
1.334000    2.000000   -12.000000   0.000000
1.335000    2.000000   -12.000000   0.000000
1.336000    2.000000   -12.000000   0.000000
1.337000    2.000000   -12.000000   0.000000
1.338000    2.000000   -12.000000   0.000000
1.339000    2.000000   -12.000000   0.000000
1.340000    2.000000   -12.000000   0.000000
1.341000    2.000000   -12.000000   0.000000
1.342000    2.000000   -12.000000   0.000000
1.343000    2.000000   -12.000000   0.000000
1.344000    2.000000   -12.000000   0.000000
1.345000    2.000000   -12.000000   0.000000
1.346000    2.000000   -12.000000   0.000000
1.347000    2.000000   -12.000000   0.000000
1.348000    2.000000   -12.000000   0.000000
1.349000    2.000000   -12.000000   0.000000
1.350000    2.000000   -12.000000   0.000000
1.351000    2.000000   -12.000000   0.000000
1.352000    2.000000   -12.000000   0.000000
1.353000    2.000000   -12.000000   0.000000
1.354000    2.000000   -12.000000   0.000000
1.355000    2.000000   -12.000000   0.000000
1.356000    2.000000   -12.000000   0.000000
1.357000    2.000000   -12.000000   0.000000
1.358000    2.000000   -12.000000   0.000000
1.359000    2.000000   -12.000000   0.000000
1.360000    2.000000   -12.000000   0.000000
1.361000    2.000000   -12.000000   0.000000
1.362000    2.000000   -12.000000   0.000000
1.363000    2.000000   -12.000000   0.000000
1.364000    2.000000   -12.000000   0.000000
1.365000    2.000000   -12.000000   0.000000
1.366000    2.000000   -12.000000   0.000000
1.367000    2.000000   -12.000000   0.000000
1.368000    2.000000   -12.000000   0.000000
1.369000    2.000000   -12.000000   0.000000
1.370000    2.000000   -12.000000   0.000000
1.371000    2.000000   -12.000000   0.000000
1.372000    2.000000   -12.000000   0.000000
1.373000    2.000000   -12.000000   0.000000
1.374000    2.000000   -12.000000   0.000000
1.375000    2.000000   -12.000000   0.000000
1.376000    2.000000   -12.000000   0.000000
1.377000    2.000000   -12.000000   0.000000
1.378000    2.000000   -12.000000   0.000000
1.379000    2.000000   -12.000000   0.000000
1.380000    2.000000   -12.000000   0.000000
1.381000    2.000000   -12.000000   0.000000
1.382000    2.000000   -12.000000   0.000000
1.383000    2.000000   -12.000000   0.000000
1.384000    2.000000   -12.000000   0.000000
1.385000    2.000000   -12.000000   0.000000
1.386000    2.000000   -12.000000   0.000000
1.387000    2.000000   -12.000000   0.000000
1.388000    2.000000   -12.000000   0.000000
1.389000    2.000000   -12.000000   0.000000
1.390000    2.000000   -12.000000   0.000000
1.391000    2.000000   -12.000000   0.000000
1.392000    2.000000   -12.000000   0.000000
1.393000    2.000000   -12.000000   0.000000
1.394000    2.000000   -12.000000   0.000000
1.395000    2.000000   -12.000000   0.000000
1.396000    2.000000   -12.000000   0.000000
1.397000    2.000000   -12.000000   0.000000
1.398000    2.000000   -12.000000   0.000000
1.399000    2.000000   -12.000000   0.000000
1.400000    2.000000   -12.000000   0.000000
1.401000    2.000000   -12.000000   0.000000
1.402000    2.000000   -12.000000   0.000000
1.403000    2.000000   -12.000000   0.000000
1.404000    2.000000   -12.000000   0.000000
1.405000    2.000000   -12.000000   0.000000
1.406000    2.000000   -12.000000   0.000000
1.407000    2.000000   -12.000000   0.000000
1.408000    2.000000   -12.000000   0.000000
1.409000    2.000000   -12.000000   0.000000
1.410000    2.000000   -12.000000   0.000000
1.411000    2.000000   -12.000000   0.000000
1.412000    2.000000   -12.000000   0.000000
1.413000    2.000000   -12.000000   0.000000
1.414000    2.000000   -12.000000   0.000000
1.415000    2.000000   -12.000000   0.000000
1.416000    2.000000   -12.000000   0.000000
1.417000    2.000000   -12.000000   0.000000
1.418000    2.000000   -12.000000   0.000000
1.419000    2.000000   -12.000000   0.000000
1.420000    2.000000   -12.000000   0.000000
1.421000    2.000000   -12.000000   0.000000
1.422000    2.000000   -12.000000   0.000000
1.423000    2.000000   -12.000000   0.000000
1.424000    2.000000   -12.000000   0.000000
1.425000    2.000000   -12.000000   0.000000
1.426000    2.000000   -12.000000   0.000000
1.427000    2.000000   -12.000000   0.000000
1.428000    2.000000   -12.000000   0.000000
1.429000    2.000000   -12.000000   0.000000
1.430000    2.000000   -12.000000   0.000000
1.431000    2.000000   -12.000000   0.000000
1.432000    2.000000   -12.000000   0.000000
1.433000    2.000000   -12.000000   0.000000
1.434000    2.000000   -12.000000   0.000000
1.435000    2.000000   -12.000000   0.000000
1.436000    2.000000   -12.000000   0.000000
1.437000    2.000000   -12.000000   0.000000
1.438000    2.000000   -12.000000   0.000000
1.439000    2.000000   -12.000000   0.000000
1.440000    2.000000   -12.000000   0.000000
1.441000    2.000000   -12.000000   0.000000
1.442000    2.000000   -12.000000   0.000000
1.443000    2.000000   -12.000000   0.000000
1.444000    2.000000   -12.000000   0.000000
1.445000    2.000000   -12.000000   0.000000
1.446000    2.000000   -12.000000   0.000000
1.447000    2.000000   -12.000000   0.000000
1.448000    2.000000   -12.000000   0.000000
1.449000    2.000000   -12.000000   0.000000
1.450000    2.000000   -12.000000   0.000000
1.451000    2.000000   -12.000000   0.000000
1.452000    2.000000   -12.000000   0.000000
1.453000    2.000000   -12.000000   0.000000
1.454000    2.000000   -12.000000   0.000000
1.455000    2.000000   -12.000000   0.000000
1.456000    2.000000   -12.000000   0.000000
1.457000    2.000000   -12.000000   0.000000
1.458000    2.000000   -12.000000   0.000000
1.459000    2.000000   -12.000000   0.000000
1.460000    2.000000   -12.000000   0.000000
1.461000    2.000000   -12.000000   0.000000
1.462000    2.000000   -12.000000   0.000000
1.463000    2.000000   -12.000000   0.000000
1.464000    2.000000   -12.000000   0.000000
1.465000    2.000000   -12.000000   0.000000
1.466000    2.000000   -12.000000   0.000000
1.467000    2.000000   -12.000000   0.000000
1.468000    2.000000   -12.000000   0.000000
1.469000    2.000000   -12.000000   0.000000
1.470000    2.000000   -12.000000   0.000000
1.471000    2.000000   -12.000000   0.000000
1.472000    2.000000   -12.000000   0.000000
1.473000    2.000000   -12.000000   0.000000
1.474000    2.000000   -12.000000   0.000000
1.475000    2.000000   -12.000000   0.000000
1.476000    2.000000   -12.000000   0.000000
1.477000    2.000000   -12.000000   0.000000
1.478000    2.000000   -12.000000   0.000000
1.479000    2.000000   -12.000000   0.000000
1.480000    2.000000   -12.000000   0.000000
1.481000    2.000000   -12.000000   0.000000
1.482000    2.000000   -12.000000   0.000000
1.483000    2.000000   -12.000000   0.000000
1.484000    2.000000   -12.000000   0.000000
1.485000    2.000000   -12.000000   0.000000
1.486000    2.000000   -12.000000   0.000000
1.487000    2.000000   -12.000000   0.000000
1.488000    2.000000   -12.000000   0.000000
1.489000    2.000000   -12.000000   0.000000
1.490000    2.000000   -12.000000   0.000000
1.491000    2.000000   -12.000000   0.000000
1.492000    2.000000   -12.000000   0.000000
1.493000    2.000000   -12.000000   0.000000
1.494000    2.000000   -12.000000   0.000000
1.495000    2.000000   -12.000000   0.000000
1.496000    2.000000   -12.000000   0.000000
1.497000    2.000000   -12.000000   0.000000
1.498000    2.000000   -12.000000   0.000000
1.499000    2.000000   -12.000000   0.000000
1.500000    2.000000   -12.000000   0.000000
1.501000    2.000000   -12.000000   0.000000
1.502000    2.000000   -12.000000   0.000000
1.503000    2.000000   -12.000000   0.000000
1.504000    2.000000   -12.000000   0.000000
1.505000    2.000000   -12.000000   0.000000
1.506000    2.000000   -12.000000   0.000000
1.507000    2.000000   -12.000000   0.000000
1.508000    2.000000   -12.000000   0.000000
1.509000    2.000000   -12.000000   0.000000
1.510000    2.000000   -12.000000   0.000000
1.511000    2.000000   -12.000000   0.000000
1.512000    2.000000   -12.000000   0.000000
1.513000    2.000000   -12.000000   0.000000
1.514000    2.000000   -12.000000   0.000000
1.515000    2.000000   -12.000000   0.000000
1.516000    2.000000   -12.000000   0.000000
1.517000    2.000000   -12.000000   0.000000
1.518000    2.000000   -12.000000   0.000000
1.519000    2.000000   -12.000000   0.000000
1.520000    2.000000   -12.000000   0.000000
1.521000    2.000000   -12.000000   0.000000
1.522000    2.000000   -12.000000   0.000000
1.523000    2.000000   -12.000000   0.000000
1.524000    2.000000   -12.000000   0.000000
1.525000    2.000000   -12.000000   0.000000
1.526000    2.000000   -12.000000   0.000000
1.527000    2.000000   -12.000000   0.000000
1.528000    2.000000   -12.000000   0.000000
1.529000    2.000000   -12.000000   0.000000
1.530000    2.000000   -12.000000   0.000000
1.531000    2.000000   -12.000000   0.000000
1.532000    2.000000   -12.000000   0.000000
1.533000    2.000000   -12.000000   0.000000
1.534000    2.000000   -12.000000   0.000000
1.535000    2.000000   -12.000000   0.000000
1.536000    2.000000   -12.000000   0.000000
1.537000    2.000000   -12.000000   0.000000
1.538000    2.000000   -12.000000   0.000000
1.539000    2.000000   -12.000000   0.000000
1.540000    2.000000   -12.000000   0.000000
1.541000    2.000000   -12.000000   0.000000
1.542000    2.000000   -12.000000   0.000000
1.543000    2.000000   -12.000000   0.000000
1.544000    2.000000   -12.000000   0.000000
1.545000    2.000000   -12.000000   0.000000
1.546000    2.000000   -12.000000   0.000000
1.547000    2.000000   -12.000000   0.000000
1.548000    2.000000   -12.000000   0.000000
1.549000    2.000000   -12.000000   0.000000
1.550000    2.000000   -12.000000   0.000000
1.551000    2.000000   -12.000000   0.000000
1.552000    2.000000   -12.000000   0.000000
1.553000    2.000000   -12.000000   0.000000
1.554000    2.000000   -12.000000   0.000000
1.555000    2.000000   -12.000000   0.000000
1.556000    2.000000   -12.000000   0.000000
1.557000    2.000000   -12.000000   0.000000
1.558000    2.000000   -12.000000   0.000000
1.559000    2.000000   -12.000000   0.000000
1.560000    2.000000   -12.000000   0.000000
1.561000    2.000000   -12.000000   0.000000
1.562000    2.000000   -12.000000   0.000000
1.563000    2.000000   -12.000000   0.000000
1.564000    2.000000   -12.000000   0.000000
1.565000    2.000000   -12.000000   0.000000
1.566000    2.000000   -12.000000   0.000000
1.567000    2.000000   -12.000000   0.000000
1.568000    2.000000   -12.000000   0.000000
1.569000    2.000000   -12.000000   0.000000
1.570000    2.000000   -12.000000   0.000000
1.571000    2.000000   -12.000000   0.000000
1.572000    2.000000   -12.000000   0.000000
1.573000    2.000000   -12.000000   0.000000
1.574000    2.000000   -12.000000   0.000000
1.575000    2.000000   -12.000000   0.000000
1.576000    2.000000   -12.000000   0.000000
1.577000    2.000000   -12.000000   0.000000
1.578000    2.000000   -12.000000   0.000000
1.579000    2.000000   -12.000000   0.000000
1.580000    2.000000   -12.000000   0.000000
1.581000    2.000000   -12.000000   0.000000
1.582000    2.000000   -12.000000   0.000000
1.583000    2.000000   -12.000000   0.000000
1.584000    2.000000   -12.000000   0.000000
1.585000    2.000000   -12.000000   0.000000
1.586000    2.000000   -12.000000   0.000000
1.587000    2.000000   -12.000000   0.000000
1.588000    2.000000   -12.000000   0.000000
1.589000    2.000000   -12.000000   0.000000
1.590000    2.000000   -12.000000   0.000000
1.591000    2.000000   -12.000000   0.000000
1.592000    2.000000   -12.000000   0.000000
1.593000    2.000000   -12.000000   0.000000
1.594000    2.000000   -12.000000   0.000000
1.595000    2.000000   -12.000000   0.000000
1.596000    2.000000   -12.000000   0.000000
1.597000    2.000000   -12.000000   0.000000
1.598000    2.000000   -12.000000   0.000000
1.599000    2.000000   -12.000000   0.000000
1.600000    2.000000   -12.000000   0.000000
1.601000    2.000000   -12.000000   0.000000
1.602000    2.000000   -12.000000   0.000000
1.603000    2.000000   -12.000000   0.000000
1.604000    2.000000   -12.000000   0.000000
1.605000    2.000000   -12.000000   0.000000
1.606000    2.000000   -12.000000   0.000000
1.607000    2.000000   -12.000000   0.000000
1.608000    2.000000   -12.000000   0.000000
1.609000    2.000000   -12.000000   0.000000
1.610000    2.000000   -12.000000   0.000000
1.611000    2.000000   -12.000000   0.000000
1.612000    2.000000   -12.000000   0.000000
1.613000    2.000000   -12.000000   0.000000
1.614000    2.000000   -12.000000   0.000000
1.615000    2.000000   -12.000000   0.000000
1.616000    2.000000   -12.000000   0.000000
1.617000    2.000000   -12.000000   0.000000
1.618000    2.000000   -12.000000   0.000000
1.619000    2.000000   -12.000000   0.000000
1.620000    2.000000   -12.000000   0.000000
1.621000    2.000000   -12.000000   0.000000
1.622000    2.000000   -12.000000   0.000000
1.623000    2.000000   -12.000000   0.000000
1.624000    2.000000   -12.000000   0.000000
1.625000    2.000000   -12.000000   0.000000
1.626000    2.000000   -12.000000   0.000000
1.627000    2.000000   -12.000000   0.000000
1.628000    2.000000   -12.000000   0.000000
1.629000    2.000000   -12.000000   0.000000
1.630000    2.000000   -12.000000   0.000000
1.631000    2.000000   -12.000000   0.000000
1.632000    2.000000   -12.000000   0.000000
1.633000    2.000000   -12.000000   0.000000
1.634000    2.000000   -12.000000   0.000000
1.635000    2.000000   -12.000000   0.000000
1.636000    2.000000   -12.000000   0.000000
1.637000    2.000000   -12.000000   0.000000
1.638000    2.000000   -12.000000   0.000000
1.639000    2.000000   -12.000000   0.000000
1.640000    2.000000   -12.000000   0.000000
1.641000    2.000000   -12.000000   0.000000
1.642000    2.000000   -12.000000   0.000000
1.643000    2.000000   -12.000000   0.000000
1.644000    2.000000   -12.000000   0.000000
1.645000    2.000000   -12.000000   0.000000
1.646000    2.000000   -12.000000   0.000000
1.647000    2.000000   -12.000000   0.000000
1.648000    2.000000   -12.000000   0.000000
1.649000    2.000000   -12.000000   0.000000
1.650000    2.000000   -12.000000   0.000000
1.651000    2.000000   -12.000000   0.000000
1.652000    2.000000   -12.000000   0.000000
1.653000    2.000000   -12.000000   0.000000
1.654000    2.000000   -12.000000   0.000000
1.655000    2.000000   -12.000000   0.000000
1.656000    2.000000   -12.000000   0.000000
1.657000    2.000000   -12.000000   0.000000
1.658000    2.000000   -12.000000   0.000000
1.659000    2.000000   -12.000000   0.000000
1.660000    2.000000   -12.000000   0.000000
1.661000    2.000000   -12.000000   0.000000
1.662000    2.000000   -12.000000   0.000000
1.663000    2.000000   -12.000000   0.000000
1.664000    2.000000   -12.000000   0.000000
1.665000    2.000000   -12.000000   0.000000
1.666000    2.000000   -12.000000   0.000000
1.667000    2.000000   -12.000000   0.000000
1.668000    2.000000   -12.000000   0.000000
1.669000    2.000000   -12.000000   0.000000
1.670000    2.000000   -12.000000   0.000000
1.671000    2.000000   -12.000000   0.000000
1.672000    2.000000   -12.000000   0.000000
1.673000    2.000000   -12.000000   0.000000
1.674000    2.000000   -12.000000   0.000000
1.675000    2.000000   -12.000000   0.000000
1.676000    2.000000   -12.000000   0.000000
1.677000    2.000000   -12.000000   0.000000
1.678000    2.000000   -12.000000   0.000000
1.679000    2.000000   -12.000000   0.000000
1.680000    2.000000   -12.000000   0.000000
1.681000    2.000000   -12.000000   0.000000
1.682000    2.000000   -12.000000   0.000000
1.683000    2.000000   -12.000000   0.000000
1.684000    2.000000   -12.000000   0.000000
1.685000    2.000000   -12.000000   0.000000
1.686000    2.000000   -12.000000   0.000000
1.687000    2.000000   -12.000000   0.000000
1.688000    2.000000   -12.000000   0.000000
1.689000    2.000000   -12.000000   0.000000
1.690000    2.000000   -12.000000   0.000000
1.691000    2.000000   -12.000000   0.000000
1.692000    2.000000   -12.000000   0.000000
1.693000    2.000000   -12.000000   0.000000
1.694000    2.000000   -12.000000   0.000000
1.695000    2.000000   -12.000000   0.000000
1.696000    2.000000   -12.000000   0.000000
1.697000    2.000000   -12.000000   0.000000
1.698000    2.000000   -12.000000   0.000000
1.699000    2.000000   -12.000000   0.000000
1.700000    2.000000   -12.000000   0.000000
1.701000    2.000000   -12.000000   0.000000
1.702000    2.000000   -12.000000   0.000000
1.703000    2.000000   -12.000000   0.000000
1.704000    2.000000   -12.000000   0.000000
1.705000    2.000000   -12.000000   0.000000
1.706000    2.000000   -12.000000   0.000000
1.707000    2.000000   -12.000000   0.000000
1.708000    2.000000   -12.000000   0.000000
1.709000    2.000000   -12.000000   0.000000
1.710000    2.000000   -12.000000   0.000000
1.711000    2.000000   -12.000000   0.000000
1.712000    2.000000   -12.000000   0.000000
1.713000    2.000000   -12.000000   0.000000
1.714000    2.000000   -12.000000   0.000000
1.715000    2.000000   -12.000000   0.000000
1.716000    2.000000   -12.000000   0.000000
1.717000    2.000000   -12.000000   0.000000
1.718000    2.000000   -12.000000   0.000000
1.719000    2.000000   -12.000000   0.000000
1.720000    2.000000   -12.000000   0.000000
1.721000    2.000000   -12.000000   0.000000
1.722000    2.000000   -12.000000   0.000000
1.723000    2.000000   -12.000000   0.000000
1.724000    2.000000   -12.000000   0.000000
1.725000    2.000000   -12.000000   0.000000
1.726000    2.000000   -12.000000   0.000000
1.727000    2.000000   -12.000000   0.000000
1.728000    2.000000   -12.000000   0.000000
1.729000    2.000000   -12.000000   0.000000
1.730000    2.000000   -12.000000   0.000000
1.731000    2.000000   -12.000000   0.000000
1.732000    2.000000   -12.000000   0.000000
1.733000    2.000000   -12.000000   0.000000
1.734000    2.000000   -12.000000   0.000000
1.735000    2.000000   -12.000000   0.000000
1.736000    2.000000   -12.000000   0.000000
1.737000    2.000000   -12.000000   0.000000
1.738000    2.000000   -12.000000   0.000000
1.739000    2.000000   -12.000000   0.000000
1.740000    2.000000   -12.000000   0.000000
1.741000    2.000000   -12.000000   0.000000
1.742000    2.000000   -12.000000   0.000000
1.743000    2.000000   -12.000000   0.000000
1.744000    2.000000   -12.000000   0.000000
1.745000    2.000000   -12.000000   0.000000
1.746000    2.000000   -12.000000   0.000000
1.747000    2.000000   -12.000000   0.000000
1.748000    2.000000   -12.000000   0.000000
1.749000    2.000000   -12.000000   0.000000
1.750000    2.000000   -12.000000   0.000000
1.751000    2.000000   -12.000000   0.000000
1.752000    2.000000   -12.000000   0.000000
1.753000    2.000000   -12.000000   0.000000
1.754000    2.000000   -12.000000   0.000000
1.755000    2.000000   -12.000000   0.000000
1.756000    2.000000   -12.000000   0.000000
1.757000    2.000000   -12.000000   0.000000
1.758000    2.000000   -12.000000   0.000000
1.759000    2.000000   -12.000000   0.000000
1.760000    2.000000   -12.000000   0.000000
1.761000    2.000000   -12.000000   0.000000
1.762000    2.000000   -12.000000   0.000000
1.763000    2.000000   -12.000000   0.000000
1.764000    2.000000   -12.000000   0.000000
1.765000    2.000000   -12.000000   0.000000
1.766000    2.000000   -12.000000   0.000000
1.767000    2.000000   -12.000000   0.000000
1.768000    2.000000   -12.000000   0.000000
1.769000    2.000000   -12.000000   0.000000
1.770000    2.000000   -12.000000   0.000000
1.771000    2.000000   -12.000000   0.000000
1.772000    2.000000   -12.000000   0.000000
1.773000    2.000000   -12.000000   0.000000
1.774000    2.000000   -12.000000   0.000000
1.775000    2.000000   -12.000000   0.000000
1.776000    2.000000   -12.000000   0.000000
1.777000    2.000000   -12.000000   0.000000
1.778000    2.000000   -12.000000   0.000000
1.779000    2.000000   -12.000000   0.000000
1.780000    2.000000   -12.000000   0.000000
1.781000    2.000000   -12.000000   0.000000
1.782000    2.000000   -12.000000   0.000000
1.783000    2.000000   -12.000000   0.000000
1.784000    2.000000   -12.000000   0.000000
1.785000    2.000000   -12.000000   0.000000
1.786000    2.000000   -12.000000   0.000000
1.787000    2.000000   -12.000000   0.000000
1.788000    2.000000   -12.000000   0.000000
1.789000    2.000000   -12.000000   0.000000
1.790000    2.000000   -12.000000   0.000000
1.791000    2.000000   -12.000000   0.000000
1.792000    2.000000   -12.000000   0.000000
1.793000    2.000000   -12.000000   0.000000
1.794000    2.000000   -12.000000   0.000000
1.795000    2.000000   -12.000000   0.000000
1.796000    2.000000   -12.000000   0.000000
1.797000    2.000000   -12.000000   0.000000
1.798000    2.000000   -12.000000   0.000000
1.799000    2.000000   -12.000000   0.000000
1.800000    2.000000   -12.000000   0.000000
1.801000    2.000000   -12.000000   0.000000
1.802000    2.000000   -12.000000   0.000000
1.803000    2.000000   -12.000000   0.000000
1.804000    2.000000   -12.000000   0.000000
1.805000    2.000000   -12.000000   0.000000
1.806000    2.000000   -12.000000   0.000000
1.807000    2.000000   -12.000000   0.000000
1.808000    2.000000   -12.000000   0.000000
1.809000    2.000000   -12.000000   0.000000
1.810000    2.000000   -12.000000   0.000000
1.811000    2.000000   -12.000000   0.000000
1.812000    2.000000   -12.000000   0.000000
1.813000    2.000000   -12.000000   0.000000
1.814000    2.000000   -12.000000   0.000000
1.815000    2.000000   -12.000000   0.000000
1.816000    2.000000   -12.000000   0.000000
1.817000    2.000000   -12.000000   0.000000
1.818000    2.000000   -12.000000   0.000000
1.819000    2.000000   -12.000000   0.000000
1.820000    2.000000   -12.000000   0.000000
1.821000    2.000000   -12.000000   0.000000
1.822000    2.000000   -12.000000   0.000000
1.823000    2.000000   -12.000000   0.000000
1.824000    2.000000   -12.000000   0.000000
1.825000    2.000000   -12.000000   0.000000
1.826000    2.000000   -12.000000   0.000000
1.827000    2.000000   -12.000000   0.000000
1.828000    2.000000   -12.000000   0.000000
1.829000    2.000000   -12.000000   0.000000
1.830000    2.000000   -12.000000   0.000000
1.831000    2.000000   -12.000000   0.000000
1.832000    2.000000   -12.000000   0.000000
1.833000    2.000000   -12.000000   0.000000
1.834000    2.000000   -12.000000   0.000000
1.835000    2.000000   -12.000000   0.000000
1.836000    2.000000   -12.000000   0.000000
1.837000    2.000000   -12.000000   0.000000
1.838000    2.000000   -12.000000   0.000000
1.839000    2.000000   -12.000000   0.000000
1.840000    2.000000   -12.000000   0.000000
1.841000    2.000000   -12.000000   0.000000
1.842000    2.000000   -12.000000   0.000000
1.843000    2.000000   -12.000000   0.000000
1.844000    2.000000   -12.000000   0.000000
1.845000    2.000000   -12.000000   0.000000
1.846000    2.000000   -12.000000   0.000000
1.847000    2.000000   -12.000000   0.000000
1.848000    2.000000   -12.000000   0.000000
1.849000    2.000000   -12.000000   0.000000
1.850000    2.000000   -12.000000   0.000000
1.851000    2.000000   -12.000000   0.000000
1.852000    2.000000   -12.000000   0.000000
1.853000    2.000000   -12.000000   0.000000
1.854000    2.000000   -12.000000   0.000000
1.855000    2.000000   -12.000000   0.000000
1.856000    2.000000   -12.000000   0.000000
1.857000    2.000000   -12.000000   0.000000
1.858000    2.000000   -12.000000   0.000000
1.859000    2.000000   -12.000000   0.000000
1.860000    2.000000   -12.000000   0.000000
1.861000    2.000000   -12.000000   0.000000
1.862000    2.000000   -12.000000   0.000000
1.863000    2.000000   -12.000000   0.000000
1.864000    2.000000   -12.000000   0.000000
1.865000    2.000000   -12.000000   0.000000
1.866000    2.000000   -12.000000   0.000000
1.867000    2.000000   -12.000000   0.000000
1.868000    2.000000   -12.000000   0.000000
1.869000    2.000000   -12.000000   0.000000
1.870000    2.000000   -12.000000   0.000000
1.871000    2.000000   -12.000000   0.000000
1.872000    2.000000   -12.000000   0.000000
1.873000    2.000000   -12.000000   0.000000
1.874000    2.000000   -12.000000   0.000000
1.875000    2.000000   -12.000000   0.000000
1.876000    2.000000   -12.000000   0.000000
1.877000    2.000000   -12.000000   0.000000
1.878000    2.000000   -12.000000   0.000000
1.879000    2.000000   -12.000000   0.000000
1.880000    2.000000   -12.000000   0.000000
1.881000    2.000000   -12.000000   0.000000
1.882000    2.000000   -12.000000   0.000000
1.883000    2.000000   -12.000000   0.000000
1.884000    2.000000   -12.000000   0.000000
1.885000    2.000000   -12.000000   0.000000
1.886000    2.000000   -12.000000   0.000000
1.887000    2.000000   -12.000000   0.000000
1.888000    2.000000   -12.000000   0.000000
1.889000    2.000000   -12.000000   0.000000
1.890000    2.000000   -12.000000   0.000000
1.891000    2.000000   -12.000000   0.000000
1.892000    2.000000   -12.000000   0.000000
1.893000    2.000000   -12.000000   0.000000
1.894000    2.000000   -12.000000   0.000000
1.895000    2.000000   -12.000000   0.000000
1.896000    2.000000   -12.000000   0.000000
1.897000    2.000000   -12.000000   0.000000
1.898000    2.000000   -12.000000   0.000000
1.899000    2.000000   -12.000000   0.000000
1.900000    2.000000   -12.000000   0.000000
1.901000    2.000000   -12.000000   0.000000
1.902000    2.000000   -12.000000   0.000000
1.903000    2.000000   -12.000000   0.000000
1.904000    2.000000   -12.000000   0.000000
1.905000    2.000000   -12.000000   0.000000
1.906000    2.000000   -12.000000   0.000000
1.907000    2.000000   -12.000000   0.000000
1.908000    2.000000   -12.000000   0.000000
1.909000    2.000000   -12.000000   0.000000
1.910000    2.000000   -12.000000   0.000000
1.911000    2.000000   -12.000000   0.000000
1.912000    2.000000   -12.000000   0.000000
1.913000    2.000000   -12.000000   0.000000
1.914000    2.000000   -12.000000   0.000000
1.915000    2.000000   -12.000000   0.000000
1.916000    2.000000   -12.000000   0.000000
1.917000    2.000000   -12.000000   0.000000
1.918000    2.000000   -12.000000   0.000000
1.919000    2.000000   -12.000000   0.000000
1.920000    2.000000   -12.000000   0.000000
1.921000    2.000000   -12.000000   0.000000
1.922000    2.000000   -12.000000   0.000000
1.923000    2.000000   -12.000000   0.000000
1.924000    2.000000   -12.000000   0.000000
1.925000    2.000000   -12.000000   0.000000
1.926000    2.000000   -12.000000   0.000000
1.927000    2.000000   -12.000000   0.000000
1.928000    2.000000   -12.000000   0.000000
1.929000    2.000000   -12.000000   0.000000
1.930000    2.000000   -12.000000   0.000000
1.931000    2.000000   -12.000000   0.000000
1.932000    2.000000   -12.000000   0.000000
1.933000    2.000000   -12.000000   0.000000
1.934000    2.000000   -12.000000   0.000000
1.935000    2.000000   -12.000000   0.000000
1.936000    2.000000   -12.000000   0.000000
1.937000    2.000000   -12.000000   0.000000
1.938000    2.000000   -12.000000   0.000000
1.939000    2.000000   -12.000000   0.000000
1.940000    2.000000   -12.000000   0.000000
1.941000    2.000000   -12.000000   0.000000
1.942000    2.000000   -12.000000   0.000000
1.943000    2.000000   -12.000000   0.000000
1.944000    2.000000   -12.000000   0.000000
1.945000    2.000000   -12.000000   0.000000
1.946000    2.000000   -12.000000   0.000000
1.947000    2.000000   -12.000000   0.000000
1.948000    2.000000   -12.000000   0.000000
1.949000    2.000000   -12.000000   0.000000
1.950000    2.000000   -12.000000   0.000000
1.951000    2.000000   -12.000000   0.000000
1.952000    2.000000   -12.000000   0.000000
1.953000    2.000000   -12.000000   0.000000
1.954000    2.000000   -12.000000   0.000000
1.955000    2.000000   -12.000000   0.000000
1.956000    2.000000   -12.000000   0.000000
1.957000    2.000000   -12.000000   0.000000
1.958000    2.000000   -12.000000   0.000000
1.959000    2.000000   -12.000000   0.000000
1.960000    2.000000   -12.000000   0.000000
1.961000    2.000000   -12.000000   0.000000
1.962000    2.000000   -12.000000   0.000000
1.963000    2.000000   -12.000000   0.000000
1.964000    2.000000   -12.000000   0.000000
1.965000    2.000000   -12.000000   0.000000
1.966000    2.000000   -12.000000   0.000000
1.967000    2.000000   -12.000000   0.000000
1.968000    2.000000   -12.000000   0.000000
1.969000    2.000000   -12.000000   0.000000
1.970000    2.000000   -12.000000   0.000000
1.971000    2.000000   -12.000000   0.000000
1.972000    2.000000   -12.000000   0.000000
1.973000    2.000000   -12.000000   0.000000
1.974000    2.000000   -12.000000   0.000000
1.975000    2.000000   -12.000000   0.000000
1.976000    2.000000   -12.000000   0.000000
1.977000    2.000000   -12.000000   0.000000
1.978000    2.000000   -12.000000   0.000000
1.979000    2.000000   -12.000000   0.000000
1.980000    2.000000   -12.000000   0.000000
1.981000    2.000000   -12.000000   0.000000
1.982000    2.000000   -12.000000   0.000000
1.983000    2.000000   -12.000000   0.000000
1.984000    2.000000   -12.000000   0.000000
1.985000    2.000000   -12.000000   0.000000
1.986000    2.000000   -12.000000   0.000000
1.987000    2.000000   -12.000000   0.000000
1.988000    2.000000   -12.000000   0.000000
1.989000    2.000000   -12.000000   0.000000
1.990000    2.000000   -12.000000   0.000000
1.991000    2.000000   -12.000000   0.000000
1.992000    2.000000   -12.000000   0.000000
1.993000    2.000000   -12.000000   0.000000
1.994000    2.000000   -12.000000   0.000000
1.995000    2.000000   -12.000000   0.000000
1.996000    2.000000   -12.000000   0.000000
1.997000    2.000000   -12.000000   0.000000
1.998000    2.000000   -12.000000   0.000000
1.999000    2.000000   -12.000000   0.000000
2.000000    11.000000   -12.000000   -3.636364
2.001000    1.000000   -12.008000   -8.000000
2.002000    1.000000   -12.016000   -8.000000
2.003000    1.000000   -12.024000   -8.000000
2.004000    1.000000   -12.032000   -8.000000
2.005000    1.000000   -12.040000   -8.000000
2.006000    1.000000   -12.048000   -8.000000
2.007000    1.000000   -12.056000   -8.000000
2.008000    1.000000   -12.064000   -8.000000
2.009000    1.000000   -12.072000   -8.000000
2.010000    1.000000   -12.080000   -8.000000
2.011000    1.000000   -12.088000   -8.000000
2.012000    1.000000   -12.096000   -8.000000
2.013000    1.000000   -12.104000   -8.000000
2.014000    1.000000   -12.112000   -8.000000
2.015000    1.000000   -12.120000   -8.000000
2.016000    1.000000   -12.128000   -8.000000
2.017000    1.000000   -12.136000   -8.000000
2.018000    1.000000   -12.144000   -8.000000
2.019000    1.000000   -12.152000   -8.000000
2.020000    1.000000   -12.160000   -8.000000
2.021000    1.000000   -12.168000   -8.000000
2.022000    1.000000   -12.176000   -8.000000
2.023000    1.000000   -12.184000   -8.000000
2.024000    1.000000   -12.192000   -8.000000
2.025000    1.000000   -12.200000   -8.000000
2.026000    1.000000   -12.208000   -8.000000
2.027000    1.000000   -12.216000   -8.000000
2.028000    1.000000   -12.224000   -8.000000
2.029000    1.000000   -12.232000   -8.000000
2.030000    1.000000   -12.240000   -8.000000
2.031000    1.000000   -12.248000   -8.000000
2.032000    1.000000   -12.256000   -8.000000
2.033000    1.000000   -12.264000   -8.000000
2.034000    1.000000   -12.272000   -8.000000
2.035000    1.000000   -12.280000   -8.000000
2.036000    1.000000   -12.288000   -8.000000
2.037000    1.000000   -12.296000   -8.000000
2.038000    1.000000   -12.304000   -8.000000
2.039000    1.000000   -12.312000   -8.000000
2.040000    1.000000   -12.320000   -8.000000
2.041000    1.000000   -12.328000   -8.000000
2.042000    1.000000   -12.336000   -8.000000
2.043000    1.000000   -12.344000   -8.000000
2.044000    1.000000   -12.352000   -8.000000
2.045000    1.000000   -12.360000   -8.000000
2.046000    1.000000   -12.368000   -8.000000
2.047000    1.000000   -12.376000   -8.000000
2.048000    1.000000   -12.384000   -8.000000
2.049000    1.000000   -12.392000   -8.000000
2.050000    1.000000   -12.400000   -8.000000
2.051000    1.000000   -12.408000   -8.000000
2.052000    1.000000   -12.416000   -8.000000
2.053000    1.000000   -12.424000   -8.000000
2.054000    1.000000   -12.432000   -8.000000
2.055000    1.000000   -12.440000   -8.000000
2.056000    1.000000   -12.448000   -8.000000
2.057000    1.000000   -12.456000   -8.000000
2.058000    1.000000   -12.464000   -8.000000
2.059000    1.000000   -12.472000   -8.000000
2.060000    1.000000   -12.480000   -8.000000
2.061000    1.000000   -12.488000   -8.000000
2.062000    1.000000   -12.496000   -8.000000
2.063000    1.000000   -12.504000   -8.000000
2.064000    1.000000   -12.512000   -8.000000
2.065000    1.000000   -12.520000   -8.000000
2.066000    1.000000   -12.528000   -8.000000
2.067000    1.000000   -12.536000   -8.000000
2.068000    1.000000   -12.544000   -8.000000
2.069000    1.000000   -12.552000   -8.000000
2.070000    1.000000   -12.560000   -8.000000
2.071000    1.000000   -12.568000   -8.000000
2.072000    1.000000   -12.576000   -8.000000
2.073000    1.000000   -12.584000   -8.000000
2.074000    1.000000   -12.592000   -8.000000
2.075000    1.000000   -12.600000   -8.000000
2.076000    1.000000   -12.608000   -8.000000
2.077000    1.000000   -12.616000   -8.000000
2.078000    1.000000   -12.624000   -8.000000
2.079000    1.000000   -12.632000   -8.000000
2.080000    1.000000   -12.640000   -8.000000
2.081000    1.000000   -12.648000   -8.000000
2.082000    1.000000   -12.656000   -8.000000
2.083000    1.000000   -12.664000   -8.000000
2.084000    1.000000   -12.672000   -8.000000
2.085000    1.000000   -12.680000   -8.000000
2.086000    1.000000   -12.688000   -8.000000
2.087000    1.000000   -12.696000   -8.000000
2.088000    1.000000   -12.704000   -8.000000
2.089000    1.000000   -12.712000   -8.000000
2.090000    1.000000   -12.720000   -8.000000
2.091000    1.000000   -12.728000   -8.000000
2.092000    1.000000   -12.736000   -8.000000
2.093000    1.000000   -12.744000   -8.000000
2.094000    1.000000   -12.752000   -8.000000
2.095000    1.000000   -12.760000   -8.000000
2.096000    1.000000   -12.768000   -8.000000
2.097000    1.000000   -12.776000   -8.000000
2.098000    1.000000   -12.784000   -8.000000
2.099000    1.000000   -12.792000   -8.000000
2.100000    1.000000   -12.800000   -8.000000
2.101000    1.000000   -12.808000   -8.000000
2.102000    1.000000   -12.816000   -8.000000
2.103000    1.000000   -12.824000   -8.000000
2.104000    1.000000   -12.832000   -8.000000
2.105000    1.000000   -12.840000   -8.000000
2.106000    1.000000   -12.848000   -8.000000
2.107000    1.000000   -12.856000   -8.000000
2.108000    1.000000   -12.864000   -8.000000
2.109000    1.000000   -12.872000   -8.000000
2.110000    1.000000   -12.880000   -8.000000
2.111000    1.000000   -12.888000   -8.000000
2.112000    1.000000   -12.896000   -8.000000
2.113000    1.000000   -12.904000   -8.000000
2.114000    1.000000   -12.912000   -8.000000
2.115000    1.000000   -12.920000   -8.000000
2.116000    1.000000   -12.928000   -8.000000
2.117000    1.000000   -12.936000   -8.000000
2.118000    1.000000   -12.944000   -8.000000
2.119000    1.000000   -12.952000   -8.000000
2.120000    1.000000   -12.960000   -8.000000
2.121000    1.000000   -12.968000   -8.000000
2.122000    1.000000   -12.976000   -8.000000
2.123000    1.000000   -12.984000   -8.000000
2.124000    1.000000   -12.992000   -8.000000
2.125000    1.000000   -13.000000   -8.000000
2.126000    1.000000   -13.008000   -8.000000
2.127000    1.000000   -13.016000   -8.000000
2.128000    1.000000   -13.024000   -8.000000
2.129000    1.000000   -13.032000   -8.000000
2.130000    1.000000   -13.040000   -8.000000
2.131000    1.000000   -13.048000   -8.000000
2.132000    1.000000   -13.056000   -8.000000
2.133000    1.000000   -13.064000   -8.000000
2.134000    1.000000   -13.072000   -8.000000
2.135000    1.000000   -13.080000   -8.000000
2.136000    1.000000   -13.088000   -8.000000
2.137000    1.000000   -13.096000   -8.000000
2.138000    1.000000   -13.104000   -8.000000
2.139000    1.000000   -13.112000   -8.000000
2.140000    1.000000   -13.120000   -8.000000
2.141000    1.000000   -13.128000   -8.000000
2.142000    1.000000   -13.136000   -8.000000
2.143000    1.000000   -13.144000   -8.000000
2.144000    1.000000   -13.152000   -8.000000
2.145000    1.000000   -13.160000   -8.000000
2.146000    1.000000   -13.168000   -8.000000
2.147000    1.000000   -13.176000   -8.000000
2.148000    1.000000   -13.184000   -8.000000
2.149000    1.000000   -13.192000   -8.000000
2.150000    1.000000   -13.200000   -8.000000
2.151000    1.000000   -13.208000   -8.000000
2.152000    1.000000   -13.216000   -8.000000
2.153000    1.000000   -13.224000   -8.000000
2.154000    1.000000   -13.232000   -8.000000
2.155000    1.000000   -13.240000   -8.000000
2.156000    1.000000   -13.248000   -8.000000
2.157000    1.000000   -13.256000   -8.000000
2.158000    1.000000   -13.264000   -8.000000
2.159000    1.000000   -13.272000   -8.000000
2.160000    1.000000   -13.280000   -8.000000
2.161000    1.000000   -13.288000   -8.000000
2.162000    1.000000   -13.296000   -8.000000
2.163000    1.000000   -13.304000   -8.000000
2.164000    1.000000   -13.312000   -8.000000
2.165000    1.000000   -13.320000   -8.000000
2.166000    1.000000   -13.328000   -8.000000
2.167000    1.000000   -13.336000   -8.000000
2.168000    1.000000   -13.344000   -8.000000
2.169000    1.000000   -13.352000   -8.000000
2.170000    1.000000   -13.360000   -8.000000
2.171000    1.000000   -13.368000   -8.000000
2.172000    1.000000   -13.376000   -8.000000
2.173000    1.000000   -13.384000   -8.000000
2.174000    1.000000   -13.392000   -8.000000
2.175000    1.000000   -13.400000   -8.000000
2.176000    1.000000   -13.408000   -8.000000
2.177000    1.000000   -13.416000   -8.000000
2.178000    1.000000   -13.424000   -8.000000
2.179000    1.000000   -13.432000   -8.000000
2.180000    1.000000   -13.440000   -8.000000
2.181000    1.000000   -13.448000   -8.000000
2.182000    1.000000   -13.456000   -8.000000
2.183000    1.000000   -13.464000   -8.000000
2.184000    1.000000   -13.472000   -8.000000
2.185000    1.000000   -13.480000   -8.000000
2.186000    1.000000   -13.488000   -8.000000
2.187000    1.000000   -13.496000   -8.000000
2.188000    1.000000   -13.504000   -8.000000
2.189000    1.000000   -13.512000   -8.000000
2.190000    1.000000   -13.520000   -8.000000
2.191000    1.000000   -13.528000   -8.000000
2.192000    1.000000   -13.536000   -8.000000
2.193000    1.000000   -13.544000   -8.000000
2.194000    1.000000   -13.552000   -8.000000
2.195000    1.000000   -13.560000   -8.000000
2.196000    1.000000   -13.568000   -8.000000
2.197000    1.000000   -13.576000   -8.000000
2.198000    1.000000   -13.584000   -8.000000
2.199000    1.000000   -13.592000   -8.000000
2.200000    1.000000   -13.600000   -8.000000
2.201000    1.000000   -13.608000   -8.000000
2.202000    1.000000   -13.616000   -8.000000
2.203000    1.000000   -13.624000   -8.000000
2.204000    1.000000   -13.632000   -8.000000
2.205000    1.000000   -13.640000   -8.000000
2.206000    1.000000   -13.648000   -8.000000
2.207000    1.000000   -13.656000   -8.000000
2.208000    1.000000   -13.664000   -8.000000
2.209000    1.000000   -13.672000   -8.000000
2.210000    1.000000   -13.680000   -8.000000
2.211000    1.000000   -13.688000   -8.000000
2.212000    1.000000   -13.696000   -8.000000
2.213000    1.000000   -13.704000   -8.000000
2.214000    1.000000   -13.712000   -8.000000
2.215000    1.000000   -13.720000   -8.000000
2.216000    1.000000   -13.728000   -8.000000
2.217000    1.000000   -13.736000   -8.000000
2.218000    1.000000   -13.744000   -8.000000
2.219000    1.000000   -13.752000   -8.000000
2.220000    1.000000   -13.760000   -8.000000
2.221000    1.000000   -13.768000   -8.000000
2.222000    1.000000   -13.776000   -8.000000
2.223000    1.000000   -13.784000   -8.000000
2.224000    1.000000   -13.792000   -8.000000
2.225000    1.000000   -13.800000   -8.000000
2.226000    1.000000   -13.808000   -8.000000
2.227000    1.000000   -13.816000   -8.000000
2.228000    1.000000   -13.824000   -8.000000
2.229000    1.000000   -13.832000   -8.000000
2.230000    1.000000   -13.840000   -8.000000
2.231000    1.000000   -13.848000   -8.000000
2.232000    1.000000   -13.856000   -8.000000
2.233000    1.000000   -13.864000   -8.000000
2.234000    1.000000   -13.872000   -8.000000
2.235000    1.000000   -13.880000   -8.000000
2.236000    1.000000   -13.888000   -8.000000
2.237000    1.000000   -13.896000   -8.000000
2.238000    1.000000   -13.904000   -8.000000
2.239000    1.000000   -13.912000   -8.000000
2.240000    1.000000   -13.920000   -8.000000
2.241000    1.000000   -13.928000   -8.000000
2.242000    1.000000   -13.936000   -8.000000
2.243000    1.000000   -13.944000   -8.000000
2.244000    1.000000   -13.952000   -8.000000
2.245000    1.000000   -13.960000   -8.000000
2.246000    1.000000   -13.968000   -8.000000
2.247000    1.000000   -13.976000   -8.000000
2.248000    1.000000   -13.984000   -8.000000
2.249000    1.000000   -13.992000   -8.000000
2.250000    1.000000   -14.000000   -8.000000
2.251000    1.000000   -14.008000   -8.000000
2.252000    1.000000   -14.016000   -8.000000
2.253000    1.000000   -14.024000   -8.000000
2.254000    1.000000   -14.032000   -8.000000
2.255000    1.000000   -14.040000   -8.000000
2.256000    1.000000   -14.048000   -8.000000
2.257000    1.000000   -14.056000   -8.000000
2.258000    1.000000   -14.064000   -8.000000
2.259000    1.000000   -14.072000   -8.000000
2.260000    1.000000   -14.080000   -8.000000
2.261000    1.000000   -14.088000   -8.000000
2.262000    1.000000   -14.096000   -8.000000
2.263000    1.000000   -14.104000   -8.000000
2.264000    1.000000   -14.112000   -8.000000
2.265000    1.000000   -14.120000   -8.000000
2.266000    1.000000   -14.128000   -8.000000
2.267000    1.000000   -14.136000   -8.000000
2.268000    1.000000   -14.144000   -8.000000
2.269000    1.000000   -14.152000   -8.000000
2.270000    1.000000   -14.160000   -8.000000
2.271000    1.000000   -14.168000   -8.000000
2.272000    1.000000   -14.176000   -8.000000
2.273000    1.000000   -14.184000   -8.000000
2.274000    1.000000   -14.192000   -8.000000
2.275000    1.000000   -14.200000   -8.000000
2.276000    1.000000   -14.208000   -8.000000
2.277000    1.000000   -14.216000   -8.000000
2.278000    1.000000   -14.224000   -8.000000
2.279000    1.000000   -14.232000   -8.000000
2.280000    1.000000   -14.240000   -8.000000
2.281000    1.000000   -14.248000   -8.000000
2.282000    1.000000   -14.256000   -8.000000
2.283000    1.000000   -14.264000   -8.000000
2.284000    1.000000   -14.272000   -8.000000
2.285000    1.000000   -14.280000   -8.000000
2.286000    1.000000   -14.288000   -8.000000
2.287000    1.000000   -14.296000   -8.000000
2.288000    1.000000   -14.304000   -8.000000
2.289000    1.000000   -14.312000   -8.000000
2.290000    1.000000   -14.320000   -8.000000
2.291000    1.000000   -14.328000   -8.000000
2.292000    1.000000   -14.336000   -8.000000
2.293000    1.000000   -14.344000   -8.000000
2.294000    1.000000   -14.352000   -8.000000
2.295000    1.000000   -14.360000   -8.000000
2.296000    1.000000   -14.368000   -8.000000
2.297000    1.000000   -14.376000   -8.000000
2.298000    1.000000   -14.384000   -8.000000
2.299000    1.000000   -14.392000   -8.000000
2.300000    1.000000   -14.400000   -8.000000
2.301000    1.000000   -14.408000   -8.000000
2.302000    1.000000   -14.416000   -8.000000
2.303000    1.000000   -14.424000   -8.000000
2.304000    1.000000   -14.432000   -8.000000
2.305000    1.000000   -14.440000   -8.000000
2.306000    1.000000   -14.448000   -8.000000
2.307000    1.000000   -14.456000   -8.000000
2.308000    1.000000   -14.464000   -8.000000
2.309000    1.000000   -14.472000   -8.000000
2.310000    1.000000   -14.480000   -8.000000
2.311000    1.000000   -14.488000   -8.000000
2.312000    1.000000   -14.496000   -8.000000
2.313000    1.000000   -14.504000   -8.000000
2.314000    1.000000   -14.512000   -8.000000
2.315000    1.000000   -14.520000   -8.000000
2.316000    1.000000   -14.528000   -8.000000
2.317000    1.000000   -14.536000   -8.000000
2.318000    1.000000   -14.544000   -8.000000
2.319000    1.000000   -14.552000   -8.000000
2.320000    1.000000   -14.560000   -8.000000
2.321000    1.000000   -14.568000   -8.000000
2.322000    1.000000   -14.576000   -8.000000
2.323000    1.000000   -14.584000   -8.000000
2.324000    1.000000   -14.592000   -8.000000
2.325000    1.000000   -14.600000   -8.000000
2.326000    1.000000   -14.608000   -8.000000
2.327000    1.000000   -14.616000   -8.000000
2.328000    1.000000   -14.624000   -8.000000
2.329000    1.000000   -14.632000   -8.000000
2.330000    1.000000   -14.640000   -8.000000
2.331000    1.000000   -14.648000   -8.000000
2.332000    1.000000   -14.656000   -8.000000
2.333000    1.000000   -14.664000   -8.000000
2.334000    1.000000   -14.672000   -8.000000
2.335000    1.000000   -14.680000   -8.000000
2.336000    1.000000   -14.688000   -8.000000
2.337000    1.000000   -14.696000   -8.000000
2.338000    1.000000   -14.704000   -8.000000
2.339000    1.000000   -14.712000   -8.000000
2.340000    1.000000   -14.720000   -8.000000
2.341000    1.000000   -14.728000   -8.000000
2.342000    1.000000   -14.736000   -8.000000
2.343000    1.000000   -14.744000   -8.000000
2.344000    1.000000   -14.752000   -8.000000
2.345000    1.000000   -14.760000   -8.000000
2.346000    1.000000   -14.768000   -8.000000
2.347000    1.000000   -14.776000   -8.000000
2.348000    1.000000   -14.784000   -8.000000
2.349000    1.000000   -14.792000   -8.000000
2.350000    1.000000   -14.800000   -8.000000
2.351000    1.000000   -14.808000   -8.000000
2.352000    1.000000   -14.816000   -8.000000
2.353000    1.000000   -14.824000   -8.000000
2.354000    1.000000   -14.832000   -8.000000
2.355000    1.000000   -14.840000   -8.000000
2.356000    1.000000   -14.848000   -8.000000
2.357000    1.000000   -14.856000   -8.000000
2.358000    1.000000   -14.864000   -8.000000
2.359000    1.000000   -14.872000   -8.000000
2.360000    1.000000   -14.880000   -8.000000
2.361000    1.000000   -14.888000   -8.000000
2.362000    1.000000   -14.896000   -8.000000
2.363000    1.000000   -14.904000   -8.000000
2.364000    1.000000   -14.912000   -8.000000
2.365000    1.000000   -14.920000   -8.000000
2.366000    1.000000   -14.928000   -8.000000
2.367000    1.000000   -14.936000   -8.000000
2.368000    1.000000   -14.944000   -8.000000
2.369000    1.000000   -14.952000   -8.000000
2.370000    1.000000   -14.960000   -8.000000
2.371000    1.000000   -14.968000   -8.000000
2.372000    1.000000   -14.976000   -8.000000
2.373000    1.000000   -14.984000   -8.000000
2.374000    1.000000   -14.992000   -8.000000
2.375000    1.000000   -15.000000   -8.000000
2.376000    1.000000   -15.008000   -8.000000
2.377000    1.000000   -15.016000   -8.000000
2.378000    1.000000   -15.024000   -8.000000
2.379000    1.000000   -15.032000   -8.000000
2.380000    1.000000   -15.040000   -8.000000
2.381000    1.000000   -15.048000   -8.000000
2.382000    1.000000   -15.056000   -8.000000
2.383000    1.000000   -15.064000   -8.000000
2.384000    1.000000   -15.072000   -8.000000
2.385000    1.000000   -15.080000   -8.000000
2.386000    1.000000   -15.088000   -8.000000
2.387000    1.000000   -15.096000   -8.000000
2.388000    1.000000   -15.104000   -8.000000
2.389000    1.000000   -15.112000   -8.000000
2.390000    1.000000   -15.120000   -8.000000
2.391000    1.000000   -15.128000   -8.000000
2.392000    1.000000   -15.136000   -8.000000
2.393000    1.000000   -15.144000   -8.000000
2.394000    1.000000   -15.152000   -8.000000
2.395000    1.000000   -15.160000   -8.000000
2.396000    1.000000   -15.168000   -8.000000
2.397000    1.000000   -15.176000   -8.000000
2.398000    1.000000   -15.184000   -8.000000
2.399000    1.000000   -15.192000   -8.000000
2.400000    1.000000   -15.200000   -8.000000
2.401000    1.000000   -15.208000   -8.000000
2.402000    1.000000   -15.216000   -8.000000
2.403000    1.000000   -15.224000   -8.000000
2.404000    1.000000   -15.232000   -8.000000
2.405000    1.000000   -15.240000   -8.000000
2.406000    1.000000   -15.248000   -8.000000
2.407000    1.000000   -15.256000   -8.000000
2.408000    1.000000   -15.264000   -8.000000
2.409000    1.000000   -15.272000   -8.000000
2.410000    1.000000   -15.280000   -8.000000
2.411000    1.000000   -15.288000   -8.000000
2.412000    1.000000   -15.296000   -8.000000
2.413000    1.000000   -15.304000   -8.000000
2.414000    1.000000   -15.312000   -8.000000
2.415000    1.000000   -15.320000   -8.000000
2.416000    1.000000   -15.328000   -8.000000
2.417000    1.000000   -15.336000   -8.000000
2.418000    1.000000   -15.344000   -8.000000
2.419000    1.000000   -15.352000   -8.000000
2.420000    1.000000   -15.360000   -8.000000
2.421000    1.000000   -15.368000   -8.000000
2.422000    1.000000   -15.376000   -8.000000
2.423000    1.000000   -15.384000   -8.000000
2.424000    1.000000   -15.392000   -8.000000
2.425000    1.000000   -15.400000   -8.000000
2.426000    1.000000   -15.408000   -8.000000
2.427000    1.000000   -15.416000   -8.000000
2.428000    1.000000   -15.424000   -8.000000
2.429000    1.000000   -15.432000   -8.000000
2.430000    1.000000   -15.440000   -8.000000
2.431000    1.000000   -15.448000   -8.000000
2.432000    1.000000   -15.456000   -8.000000
2.433000    1.000000   -15.464000   -8.000000
2.434000    1.000000   -15.472000   -8.000000
2.435000    1.000000   -15.480000   -8.000000
2.436000    1.000000   -15.488000   -8.000000
2.437000    1.000000   -15.496000   -8.000000
2.438000    1.000000   -15.504000   -8.000000
2.439000    1.000000   -15.512000   -8.000000
2.440000    1.000000   -15.520000   -8.000000
2.441000    1.000000   -15.528000   -8.000000
2.442000    1.000000   -15.536000   -8.000000
2.443000    1.000000   -15.544000   -8.000000
2.444000    1.000000   -15.552000   -8.000000
2.445000    1.000000   -15.560000   -8.000000
2.446000    1.000000   -15.568000   -8.000000
2.447000    1.000000   -15.576000   -8.000000
2.448000    1.000000   -15.584000   -8.000000
2.449000    1.000000   -15.592000   -8.000000
2.450000    1.000000   -15.600000   -8.000000
2.451000    1.000000   -15.608000   -8.000000
2.452000    1.000000   -15.616000   -8.000000
2.453000    1.000000   -15.624000   -8.000000
2.454000    1.000000   -15.632000   -8.000000
2.455000    1.000000   -15.640000   -8.000000
2.456000    1.000000   -15.648000   -8.000000
2.457000    1.000000   -15.656000   -8.000000
2.458000    1.000000   -15.664000   -8.000000
2.459000    1.000000   -15.672000   -8.000000
2.460000    1.000000   -15.680000   -8.000000
2.461000    1.000000   -15.688000   -8.000000
2.462000    1.000000   -15.696000   -8.000000
2.463000    1.000000   -15.704000   -8.000000
2.464000    1.000000   -15.712000   -8.000000
2.465000    1.000000   -15.720000   -8.000000
2.466000    1.000000   -15.728000   -8.000000
2.467000    1.000000   -15.736000   -8.000000
2.468000    1.000000   -15.744000   -8.000000
2.469000    1.000000   -15.752000   -8.000000
2.470000    1.000000   -15.760000   -8.000000
2.471000    1.000000   -15.768000   -8.000000
2.472000    1.000000   -15.776000   -8.000000
2.473000    1.000000   -15.784000   -8.000000
2.474000    1.000000   -15.792000   -8.000000
2.475000    1.000000   -15.800000   -8.000000
2.476000    1.000000   -15.808000   -8.000000
2.477000    1.000000   -15.816000   -8.000000
2.478000    1.000000   -15.824000   -8.000000
2.479000    1.000000   -15.832000   -8.000000
2.480000    1.000000   -15.840000   -8.000000
2.481000    1.000000   -15.848000   -8.000000
2.482000    1.000000   -15.856000   -8.000000
2.483000    1.000000   -15.864000   -8.000000
2.484000    1.000000   -15.872000   -8.000000
2.485000    1.000000   -15.880000   -8.000000
2.486000    1.000000   -15.888000   -8.000000
2.487000    1.000000   -15.896000   -8.000000
2.488000    1.000000   -15.904000   -8.000000
2.489000    1.000000   -15.912000   -8.000000
2.490000    1.000000   -15.920000   -8.000000
2.491000    1.000000   -15.928000   -8.000000
2.492000    1.000000   -15.936000   -8.000000
2.493000    1.000000   -15.944000   -8.000000
2.494000    1.000000   -15.952000   -8.000000
2.495000    1.000000   -15.960000   -8.000000
2.496000    1.000000   -15.968000   -8.000000
2.497000    1.000000   -15.976000   -8.000000
2.498000    1.000000   -15.984000   -8.000000
2.499000    1.000000   -15.992000   -8.000000
2.500000    1.000000   -16.000000   -8.000000
2.501000    1.000000   -16.008000   -8.000000
2.502000    1.000000   -16.016000   -8.000000
2.503000    1.000000   -16.024000   -8.000000
2.504000    1.000000   -16.032000   -8.000000
2.505000    1.000000   -16.040000   -8.000000
2.506000    1.000000   -16.048000   -8.000000
2.507000    1.000000   -16.056000   -8.000000
2.508000    1.000000   -16.064000   -8.000000
2.509000    1.000000   -16.072000   -8.000000
2.510000    1.000000   -16.080000   -8.000000
2.511000    1.000000   -16.088000   -8.000000
2.512000    1.000000   -16.096000   -8.000000
2.513000    1.000000   -16.104000   -8.000000
2.514000    1.000000   -16.112000   -8.000000
2.515000    1.000000   -16.120000   -8.000000
2.516000    1.000000   -16.128000   -8.000000
2.517000    1.000000   -16.136000   -8.000000
2.518000    1.000000   -16.144000   -8.000000
2.519000    1.000000   -16.152000   -8.000000
2.520000    1.000000   -16.160000   -8.000000
2.521000    1.000000   -16.168000   -8.000000
2.522000    1.000000   -16.176000   -8.000000
2.523000    1.000000   -16.184000   -8.000000
2.524000    1.000000   -16.192000   -8.000000
2.525000    1.000000   -16.200000   -8.000000
2.526000    1.000000   -16.208000   -8.000000
2.527000    1.000000   -16.216000   -8.000000
2.528000    1.000000   -16.224000   -8.000000
2.529000    1.000000   -16.232000   -8.000000
2.530000    1.000000   -16.240000   -8.000000
2.531000    1.000000   -16.248000   -8.000000
2.532000    1.000000   -16.256000   -8.000000
2.533000    1.000000   -16.264000   -8.000000
2.534000    1.000000   -16.272000   -8.000000
2.535000    1.000000   -16.280000   -8.000000
2.536000    1.000000   -16.288000   -8.000000
2.537000    1.000000   -16.296000   -8.000000
2.538000    1.000000   -16.304000   -8.000000
2.539000    1.000000   -16.312000   -8.000000
2.540000    1.000000   -16.320000   -8.000000
2.541000    1.000000   -16.328000   -8.000000
2.542000    1.000000   -16.336000   -8.000000
2.543000    1.000000   -16.344000   -8.000000
2.544000    1.000000   -16.352000   -8.000000
2.545000    1.000000   -16.360000   -8.000000
2.546000    1.000000   -16.368000   -8.000000
2.547000    1.000000   -16.376000   -8.000000
2.548000    1.000000   -16.384000   -8.000000
2.549000    1.000000   -16.392000   -8.000000
2.550000    1.000000   -16.400000   -8.000000
2.551000    1.000000   -16.408000   -8.000000
2.552000    1.000000   -16.416000   -8.000000
2.553000    1.000000   -16.424000   -8.000000
2.554000    1.000000   -16.432000   -8.000000
2.555000    1.000000   -16.440000   -8.000000
2.556000    1.000000   -16.448000   -8.000000
2.557000    1.000000   -16.456000   -8.000000
2.558000    1.000000   -16.464000   -8.000000
2.559000    1.000000   -16.472000   -8.000000
2.560000    1.000000   -16.480000   -8.000000
2.561000    1.000000   -16.488000   -8.000000
2.562000    1.000000   -16.496000   -8.000000
2.563000    1.000000   -16.504000   -8.000000
2.564000    1.000000   -16.512000   -8.000000
2.565000    1.000000   -16.520000   -8.000000
2.566000    1.000000   -16.528000   -8.000000
2.567000    1.000000   -16.536000   -8.000000
2.568000    1.000000   -16.544000   -8.000000
2.569000    1.000000   -16.552000   -8.000000
2.570000    1.000000   -16.560000   -8.000000
2.571000    1.000000   -16.568000   -8.000000
2.572000    1.000000   -16.576000   -8.000000
2.573000    1.000000   -16.584000   -8.000000
2.574000    1.000000   -16.592000   -8.000000
2.575000    1.000000   -16.600000   -8.000000
2.576000    1.000000   -16.608000   -8.000000
2.577000    1.000000   -16.616000   -8.000000
2.578000    1.000000   -16.624000   -8.000000
2.579000    1.000000   -16.632000   -8.000000
2.580000    1.000000   -16.640000   -8.000000
2.581000    1.000000   -16.648000   -8.000000
2.582000    1.000000   -16.656000   -8.000000
2.583000    1.000000   -16.664000   -8.000000
2.584000    1.000000   -16.672000   -8.000000
2.585000    1.000000   -16.680000   -8.000000
2.586000    1.000000   -16.688000   -8.000000
2.587000    1.000000   -16.696000   -8.000000
2.588000    1.000000   -16.704000   -8.000000
2.589000    1.000000   -16.712000   -8.000000
2.590000    1.000000   -16.720000   -8.000000
2.591000    1.000000   -16.728000   -8.000000
2.592000    1.000000   -16.736000   -8.000000
2.593000    1.000000   -16.744000   -8.000000
2.594000    1.000000   -16.752000   -8.000000
2.595000    1.000000   -16.760000   -8.000000
2.596000    1.000000   -16.768000   -8.000000
2.597000    1.000000   -16.776000   -8.000000
2.598000    1.000000   -16.784000   -8.000000
2.599000    1.000000   -16.792000   -8.000000
2.600000    1.000000   -16.800000   -8.000000
2.601000    1.000000   -16.808000   -8.000000
2.602000    1.000000   -16.816000   -8.000000
2.603000    1.000000   -16.824000   -8.000000
2.604000    1.000000   -16.832000   -8.000000
2.605000    1.000000   -16.840000   -8.000000
2.606000    1.000000   -16.848000   -8.000000
2.607000    1.000000   -16.856000   -8.000000
2.608000    1.000000   -16.864000   -8.000000
2.609000    1.000000   -16.872000   -8.000000
2.610000    1.000000   -16.880000   -8.000000
2.611000    1.000000   -16.888000   -8.000000
2.612000    1.000000   -16.896000   -8.000000
2.613000    1.000000   -16.904000   -8.000000
2.614000    1.000000   -16.912000   -8.000000
2.615000    1.000000   -16.920000   -8.000000
2.616000    1.000000   -16.928000   -8.000000
2.617000    1.000000   -16.936000   -8.000000
2.618000    1.000000   -16.944000   -8.000000
2.619000    1.000000   -16.952000   -8.000000
2.620000    1.000000   -16.960000   -8.000000
2.621000    1.000000   -16.968000   -8.000000
2.622000    1.000000   -16.976000   -8.000000
2.623000    1.000000   -16.984000   -8.000000
2.624000    1.000000   -16.992000   -8.000000
2.625000    1.000000   -17.000000   -8.000000
2.626000    1.000000   -17.008000   -8.000000
2.627000    1.000000   -17.016000   -8.000000
2.628000    1.000000   -17.024000   -8.000000
2.629000    1.000000   -17.032000   -8.000000
2.630000    1.000000   -17.040000   -8.000000
2.631000    1.000000   -17.048000   -8.000000
2.632000    1.000000   -17.056000   -8.000000
2.633000    1.000000   -17.064000   -8.000000
2.634000    1.000000   -17.072000   -8.000000
2.635000    1.000000   -17.080000   -8.000000
2.636000    1.000000   -17.088000   -8.000000
2.637000    1.000000   -17.096000   -8.000000
2.638000    1.000000   -17.104000   -8.000000
2.639000    1.000000   -17.112000   -8.000000
2.640000    1.000000   -17.120000   -8.000000
2.641000    1.000000   -17.128000   -8.000000
2.642000    1.000000   -17.136000   -8.000000
2.643000    1.000000   -17.144000   -8.000000
2.644000    1.000000   -17.152000   -8.000000
2.645000    1.000000   -17.160000   -8.000000
2.646000    1.000000   -17.168000   -8.000000
2.647000    1.000000   -17.176000   -8.000000
2.648000    1.000000   -17.184000   -8.000000
2.649000    1.000000   -17.192000   -8.000000
2.650000    1.000000   -17.200000   -8.000000
2.651000    1.000000   -17.208000   -8.000000
2.652000    1.000000   -17.216000   -8.000000
2.653000    1.000000   -17.224000   -8.000000
2.654000    1.000000   -17.232000   -8.000000
2.655000    1.000000   -17.240000   -8.000000
2.656000    1.000000   -17.248000   -8.000000
2.657000    1.000000   -17.256000   -8.000000
2.658000    1.000000   -17.264000   -8.000000
2.659000    1.000000   -17.272000   -8.000000
2.660000    1.000000   -17.280000   -8.000000
2.661000    1.000000   -17.288000   -8.000000
2.662000    1.000000   -17.296000   -8.000000
2.663000    1.000000   -17.304000   -8.000000
2.664000    1.000000   -17.312000   -8.000000
2.665000    1.000000   -17.320000   -8.000000
2.666000    1.000000   -17.328000   -8.000000
2.667000    1.000000   -17.336000   -8.000000
2.668000    1.000000   -17.344000   -8.000000
2.669000    1.000000   -17.352000   -8.000000
2.670000    1.000000   -17.360000   -8.000000
2.671000    1.000000   -17.368000   -8.000000
2.672000    1.000000   -17.376000   -8.000000
2.673000    1.000000   -17.384000   -8.000000
2.674000    1.000000   -17.392000   -8.000000
2.675000    1.000000   -17.400000   -8.000000
2.676000    1.000000   -17.408000   -8.000000
2.677000    1.000000   -17.416000   -8.000000
2.678000    1.000000   -17.424000   -8.000000
2.679000    1.000000   -17.432000   -8.000000
2.680000    1.000000   -17.440000   -8.000000
2.681000    1.000000   -17.448000   -8.000000
2.682000    1.000000   -17.456000   -8.000000
2.683000    1.000000   -17.464000   -8.000000
2.684000    1.000000   -17.472000   -8.000000
2.685000    1.000000   -17.480000   -8.000000
2.686000    1.000000   -17.488000   -8.000000
2.687000    1.000000   -17.496000   -8.000000
2.688000    1.000000   -17.504000   -8.000000
2.689000    1.000000   -17.512000   -8.000000
2.690000    1.000000   -17.520000   -8.000000
2.691000    1.000000   -17.528000   -8.000000
2.692000    1.000000   -17.536000   -8.000000
2.693000    1.000000   -17.544000   -8.000000
2.694000    1.000000   -17.552000   -8.000000
2.695000    1.000000   -17.560000   -8.000000
2.696000    1.000000   -17.568000   -8.000000
2.697000    1.000000   -17.576000   -8.000000
2.698000    1.000000   -17.584000   -8.000000
2.699000    1.000000   -17.592000   -8.000000
2.700000    1.000000   -17.600000   -8.000000
2.701000    1.000000   -17.608000   -8.000000
2.702000    1.000000   -17.616000   -8.000000
2.703000    1.000000   -17.624000   -8.000000
2.704000    1.000000   -17.632000   -8.000000
2.705000    1.000000   -17.640000   -8.000000
2.706000    1.000000   -17.648000   -8.000000
2.707000    1.000000   -17.656000   -8.000000
2.708000    1.000000   -17.664000   -8.000000
2.709000    1.000000   -17.672000   -8.000000
2.710000    1.000000   -17.680000   -8.000000
2.711000    1.000000   -17.688000   -8.000000
2.712000    1.000000   -17.696000   -8.000000
2.713000    1.000000   -17.704000   -8.000000
2.714000    1.000000   -17.712000   -8.000000
2.715000    1.000000   -17.720000   -8.000000
2.716000    1.000000   -17.728000   -8.000000
2.717000    1.000000   -17.736000   -8.000000
2.718000    1.000000   -17.744000   -8.000000
2.719000    1.000000   -17.752000   -8.000000
2.720000    1.000000   -17.760000   -8.000000
2.721000    1.000000   -17.768000   -8.000000
2.722000    1.000000   -17.776000   -8.000000
2.723000    1.000000   -17.784000   -8.000000
2.724000    1.000000   -17.792000   -8.000000
2.725000    1.000000   -17.800000   -8.000000
2.726000    1.000000   -17.808000   -8.000000
2.727000    1.000000   -17.816000   -8.000000
2.728000    1.000000   -17.824000   -8.000000
2.729000    1.000000   -17.832000   -8.000000
2.730000    1.000000   -17.840000   -8.000000
2.731000    1.000000   -17.848000   -8.000000
2.732000    1.000000   -17.856000   -8.000000
2.733000    1.000000   -17.864000   -8.000000
2.734000    1.000000   -17.872000   -8.000000
2.735000    1.000000   -17.880000   -8.000000
2.736000    1.000000   -17.888000   -8.000000
2.737000    1.000000   -17.896000   -8.000000
2.738000    1.000000   -17.904000   -8.000000
2.739000    1.000000   -17.912000   -8.000000
2.740000    1.000000   -17.920000   -8.000000
2.741000    1.000000   -17.928000   -8.000000
2.742000    1.000000   -17.936000   -8.000000
2.743000    1.000000   -17.944000   -8.000000
2.744000    1.000000   -17.952000   -8.000000
2.745000    1.000000   -17.960000   -8.000000
2.746000    1.000000   -17.968000   -8.000000
2.747000    1.000000   -17.976000   -8.000000
2.748000    1.000000   -17.984000   -8.000000
2.749000    1.000000   -17.992000   -8.000000
2.750000    1.000000   -18.000000   -8.000000
2.751000    1.000000   -18.008000   -8.000000
2.752000    1.000000   -18.016000   -8.000000
2.753000    1.000000   -18.024000   -8.000000
2.754000    1.000000   -18.032000   -8.000000
2.755000    1.000000   -18.040000   -8.000000
2.756000    1.000000   -18.048000   -8.000000
2.757000    1.000000   -18.056000   -8.000000
2.758000    1.000000   -18.064000   -8.000000
2.759000    1.000000   -18.072000   -8.000000
2.760000    1.000000   -18.080000   -8.000000
2.761000    1.000000   -18.088000   -8.000000
2.762000    1.000000   -18.096000   -8.000000
2.763000    1.000000   -18.104000   -8.000000
2.764000    1.000000   -18.112000   -8.000000
2.765000    1.000000   -18.120000   -8.000000
2.766000    1.000000   -18.128000   -8.000000
2.767000    1.000000   -18.136000   -8.000000
2.768000    1.000000   -18.144000   -8.000000
2.769000    1.000000   -18.152000   -8.000000
2.770000    1.000000   -18.160000   -8.000000
2.771000    1.000000   -18.168000   -8.000000
2.772000    1.000000   -18.176000   -8.000000
2.773000    1.000000   -18.184000   -8.000000
2.774000    1.000000   -18.192000   -8.000000
2.775000    1.000000   -18.200000   -8.000000
2.776000    1.000000   -18.208000   -8.000000
2.777000    1.000000   -18.216000   -8.000000
2.778000    1.000000   -18.224000   -8.000000
2.779000    1.000000   -18.232000   -8.000000
2.780000    1.000000   -18.240000   -8.000000
2.781000    1.000000   -18.248000   -8.000000
2.782000    1.000000   -18.256000   -8.000000
2.783000    1.000000   -18.264000   -8.000000
2.784000    1.000000   -18.272000   -8.000000
2.785000    1.000000   -18.280000   -8.000000
2.786000    1.000000   -18.288000   -8.000000
2.787000    1.000000   -18.296000   -8.000000
2.788000    1.000000   -18.304000   -8.000000
2.789000    1.000000   -18.312000   -8.000000
2.790000    1.000000   -18.320000   -8.000000
2.791000    1.000000   -18.328000   -8.000000
2.792000    1.000000   -18.336000   -8.000000
2.793000    1.000000   -18.344000   -8.000000
2.794000    1.000000   -18.352000   -8.000000
2.795000    1.000000   -18.360000   -8.000000
2.796000    1.000000   -18.368000   -8.000000
2.797000    1.000000   -18.376000   -8.000000
2.798000    1.000000   -18.384000   -8.000000
2.799000    1.000000   -18.392000   -8.000000
2.800000    1.000000   -18.400000   -8.000000
2.801000    1.000000   -18.408000   -8.000000
2.802000    1.000000   -18.416000   -8.000000
2.803000    1.000000   -18.424000   -8.000000
2.804000    1.000000   -18.432000   -8.000000
2.805000    1.000000   -18.440000   -8.000000
2.806000    1.000000   -18.448000   -8.000000
2.807000    1.000000   -18.456000   -8.000000
2.808000    1.000000   -18.464000   -8.000000
2.809000    1.000000   -18.472000   -8.000000
2.810000    1.000000   -18.480000   -8.000000
2.811000    1.000000   -18.488000   -8.000000
2.812000    1.000000   -18.496000   -8.000000
2.813000    1.000000   -18.504000   -8.000000
2.814000    1.000000   -18.512000   -8.000000
2.815000    1.000000   -18.520000   -8.000000
2.816000    1.000000   -18.528000   -8.000000
2.817000    1.000000   -18.536000   -8.000000
2.818000    1.000000   -18.544000   -8.000000
2.819000    1.000000   -18.552000   -8.000000
2.820000    1.000000   -18.560000   -8.000000
2.821000    1.000000   -18.568000   -8.000000
2.822000    1.000000   -18.576000   -8.000000
2.823000    1.000000   -18.584000   -8.000000
2.824000    1.000000   -18.592000   -8.000000
2.825000    1.000000   -18.600000   -8.000000
2.826000    1.000000   -18.608000   -8.000000
2.827000    1.000000   -18.616000   -8.000000
2.828000    1.000000   -18.624000   -8.000000
2.829000    1.000000   -18.632000   -8.000000
2.830000    1.000000   -18.640000   -8.000000
2.831000    1.000000   -18.648000   -8.000000
2.832000    1.000000   -18.656000   -8.000000
2.833000    1.000000   -18.664000   -8.000000
2.834000    1.000000   -18.672000   -8.000000
2.835000    1.000000   -18.680000   -8.000000
2.836000    1.000000   -18.688000   -8.000000
2.837000    1.000000   -18.696000   -8.000000
2.838000    1.000000   -18.704000   -8.000000
2.839000    1.000000   -18.712000   -8.000000
2.840000    1.000000   -18.720000   -8.000000
2.841000    1.000000   -18.728000   -8.000000
2.842000    1.000000   -18.736000   -8.000000
2.843000    1.000000   -18.744000   -8.000000
2.844000    1.000000   -18.752000   -8.000000
2.845000    1.000000   -18.760000   -8.000000
2.846000    1.000000   -18.768000   -8.000000
2.847000    1.000000   -18.776000   -8.000000
2.848000    1.000000   -18.784000   -8.000000
2.849000    1.000000   -18.792000   -8.000000
2.850000    1.000000   -18.800000   -8.000000
2.851000    1.000000   -18.808000   -8.000000
2.852000    1.000000   -18.816000   -8.000000
2.853000    1.000000   -18.824000   -8.000000
2.854000    1.000000   -18.832000   -8.000000
2.855000    1.000000   -18.840000   -8.000000
2.856000    1.000000   -18.848000   -8.000000
2.857000    1.000000   -18.856000   -8.000000
2.858000    1.000000   -18.864000   -8.000000
2.859000    1.000000   -18.872000   -8.000000
2.860000    1.000000   -18.880000   -8.000000
2.861000    1.000000   -18.888000   -8.000000
2.862000    1.000000   -18.896000   -8.000000
2.863000    1.000000   -18.904000   -8.000000
2.864000    1.000000   -18.912000   -8.000000
2.865000    1.000000   -18.920000   -8.000000
2.866000    1.000000   -18.928000   -8.000000
2.867000    1.000000   -18.936000   -8.000000
2.868000    1.000000   -18.944000   -8.000000
2.869000    1.000000   -18.952000   -8.000000
2.870000    1.000000   -18.960000   -8.000000
2.871000    1.000000   -18.968000   -8.000000
2.872000    1.000000   -18.976000   -8.000000
2.873000    1.000000   -18.984000   -8.000000
2.874000    1.000000   -18.992000   -8.000000
2.875000    1.000000   -19.000000   -8.000000
2.876000    1.000000   -19.008000   -8.000000
2.877000    1.000000   -19.016000   -8.000000
2.878000    1.000000   -19.024000   -8.000000
2.879000    1.000000   -19.032000   -8.000000
2.880000    1.000000   -19.040000   -8.000000
2.881000    1.000000   -19.048000   -8.000000
2.882000    1.000000   -19.056000   -8.000000
2.883000    1.000000   -19.064000   -8.000000
2.884000    1.000000   -19.072000   -8.000000
2.885000    1.000000   -19.080000   -8.000000
2.886000    1.000000   -19.088000   -8.000000
2.887000    1.000000   -19.096000   -8.000000
2.888000    1.000000   -19.104000   -8.000000
2.889000    1.000000   -19.112000   -8.000000
2.890000    1.000000   -19.120000   -8.000000
2.891000    1.000000   -19.128000   -8.000000
2.892000    1.000000   -19.136000   -8.000000
2.893000    1.000000   -19.144000   -8.000000
2.894000    1.000000   -19.152000   -8.000000
2.895000    1.000000   -19.160000   -8.000000
2.896000    1.000000   -19.168000   -8.000000
2.897000    1.000000   -19.176000   -8.000000
2.898000    1.000000   -19.184000   -8.000000
2.899000    1.000000   -19.192000   -8.000000
2.900000    1.000000   -19.200000   -8.000000
2.901000    1.000000   -19.208000   -8.000000
2.902000    1.000000   -19.216000   -8.000000
2.903000    1.000000   -19.224000   -8.000000
2.904000    1.000000   -19.232000   -8.000000
2.905000    1.000000   -19.240000   -8.000000
2.906000    1.000000   -19.248000   -8.000000
2.907000    1.000000   -19.256000   -8.000000
2.908000    1.000000   -19.264000   -8.000000
2.909000    1.000000   -19.272000   -8.000000
2.910000    1.000000   -19.280000   -8.000000
2.911000    1.000000   -19.288000   -8.000000
2.912000    1.000000   -19.296000   -8.000000
2.913000    1.000000   -19.304000   -8.000000
2.914000    1.000000   -19.312000   -8.000000
2.915000    1.000000   -19.320000   -8.000000
2.916000    1.000000   -19.328000   -8.000000
2.917000    1.000000   -19.336000   -8.000000
2.918000    1.000000   -19.344000   -8.000000
2.919000    1.000000   -19.352000   -8.000000
2.920000    1.000000   -19.360000   -8.000000
2.921000    1.000000   -19.368000   -8.000000
2.922000    1.000000   -19.376000   -8.000000
2.923000    1.000000   -19.384000   -8.000000
2.924000    1.000000   -19.392000   -8.000000
2.925000    1.000000   -19.400000   -8.000000
2.926000    1.000000   -19.408000   -8.000000
2.927000    1.000000   -19.416000   -8.000000
2.928000    1.000000   -19.424000   -8.000000
2.929000    1.000000   -19.432000   -8.000000
2.930000    1.000000   -19.440000   -8.000000
2.931000    1.000000   -19.448000   -8.000000
2.932000    1.000000   -19.456000   -8.000000
2.933000    1.000000   -19.464000   -8.000000
2.934000    1.000000   -19.472000   -8.000000
2.935000    1.000000   -19.480000   -8.000000
2.936000    1.000000   -19.488000   -8.000000
2.937000    1.000000   -19.496000   -8.000000
2.938000    1.000000   -19.504000   -8.000000
2.939000    1.000000   -19.512000   -8.000000
2.940000    1.000000   -19.520000   -8.000000
2.941000    1.000000   -19.528000   -8.000000
2.942000    1.000000   -19.536000   -8.000000
2.943000    1.000000   -19.544000   -8.000000
2.944000    1.000000   -19.552000   -8.000000
2.945000    1.000000   -19.560000   -8.000000
2.946000    1.000000   -19.568000   -8.000000
2.947000    1.000000   -19.576000   -8.000000
2.948000    1.000000   -19.584000   -8.000000
2.949000    1.000000   -19.592000   -8.000000
2.950000    1.000000   -19.600000   -8.000000
2.951000    1.000000   -19.608000   -8.000000
2.952000    1.000000   -19.616000   -8.000000
2.953000    1.000000   -19.624000   -8.000000
2.954000    1.000000   -19.632000   -8.000000
2.955000    1.000000   -19.640000   -8.000000
2.956000    1.000000   -19.648000   -8.000000
2.957000    1.000000   -19.656000   -8.000000
2.958000    1.000000   -19.664000   -8.000000
2.959000    1.000000   -19.672000   -8.000000
2.960000    1.000000   -19.680000   -8.000000
2.961000    1.000000   -19.688000   -8.000000
2.962000    1.000000   -19.696000   -8.000000
2.963000    1.000000   -19.704000   -8.000000
2.964000    1.000000   -19.712000   -8.000000
2.965000    1.000000   -19.720000   -8.000000
2.966000    1.000000   -19.728000   -8.000000
2.967000    1.000000   -19.736000   -8.000000
2.968000    1.000000   -19.744000   -8.000000
2.969000    1.000000   -19.752000   -8.000000
2.970000    1.000000   -19.760000   -8.000000
2.971000    1.000000   -19.768000   -8.000000
2.972000    1.000000   -19.776000   -8.000000
2.973000    1.000000   -19.784000   -8.000000
2.974000    1.000000   -19.792000   -8.000000
2.975000    1.000000   -19.800000   -8.000000
2.976000    1.000000   -19.808000   -8.000000
2.977000    1.000000   -19.816000   -8.000000
2.978000    1.000000   -19.824000   -8.000000
2.979000    1.000000   -19.832000   -8.000000
2.980000    1.000000   -19.840000   -8.000000
2.981000    1.000000   -19.848000   -8.000000
2.982000    1.000000   -19.856000   -8.000000
2.983000    1.000000   -19.864000   -8.000000
2.984000    1.000000   -19.872000   -8.000000
2.985000    1.000000   -19.880000   -8.000000
2.986000    1.000000   -19.888000   -8.000000
2.987000    1.000000   -19.896000   -8.000000
2.988000    1.000000   -19.904000   -8.000000
2.989000    1.000000   -19.912000   -8.000000
2.990000    1.000000   -19.920000   -8.000000
2.991000    1.000000   -19.928000   -8.000000
2.992000    1.000000   -19.936000   -8.000000
2.993000    1.000000   -19.944000   -8.000000
2.994000    1.000000   -19.952000   -8.000000
2.995000    1.000000   -19.960000   -8.000000
2.996000    1.000000   -19.968000   -8.000000
2.997000    1.000000   -19.976000   -8.000000
2.998000    1.000000   -19.984000   -8.000000
2.999000    1.000000   -19.992000   -8.000000
3.000000    1.000000   -20.000000   -8.000000
